15.015257|250.241019|28163.207739|224.375193|0.350000|50.016364|0.000200
19.989032|249.867694|28198.505338|225.143332|0.350000|49.975483|0.000200
25.098589|249.974677|28114.891383|224.792353|0.350000|50.020983|0.000200
30.072108|249.912918|28054.704698|225.339759|0.350000|50.032976|0.000200
15.036752|266.985516|29990.730129|224.743459|0.350000|49.970766|0.000200
19.999027|267.313491|29953.475241|224.927169|0.350000|49.858912|0.000200
24.961604|266.255760|29946.624522|225.672548|0.350000|49.960077|0.000200
30.068847|267.228279|30058.266559|224.401469|0.350000|49.951938|0.000200
14.976956|282.963301|31872.836942|224.609462|0.350000|49.809398|0.000200
20.054614|282.839933|31892.379415|225.028109|0.350000|50.131814|0.000200
24.913608|283.389877|31931.838227|225.339295|0.350000|49.954745|0.000200
30.019412|283.127749|31897.379517|224.787854|0.350000|49.957159|0.000200
14.987333|300.123891|33724.696096|224.639772|0.350000|49.941528|0.000200
19.975226|300.940443|33790.001528|224.791825|0.350000|49.963415|0.000200
25.037772|299.679874|33715.911458|225.108673|0.350000|49.844481|0.000200
29.973895|300.894176|33828.341737|224.651629|0.350000|49.869369|0.000200
15.031385|249.839480|29218.392394|234.000508|0.350000|50.020924|0.000200
20.042673|250.564110|29154.630115|233.229103|0.350000|50.055450|0.000200
25.051467|250.057570|29084.981662|233.359256|0.350000|49.812420|0.000200
29.979380|249.595276|29145.776165|233.472810|0.350000|50.040342|0.000200
14.975123|266.567876|31136.608432|233.464858|0.350000|50.013352|0.000200
20.000991|267.263726|31106.129773|233.365739|0.350000|49.941030|0.000200
24.950574|266.840614|31093.801978|233.631586|0.350000|50.089170|0.000200
29.862309|266.901181|31153.875111|233.104857|0.350000|50.084419|0.000200
14.980091|283.717843|33131.760789|232.662556|0.350000|49.900661|0.000200
20.029123|283.510130|33095.254078|232.280066|0.350000|49.869273|0.000200
25.008932|283.284947|33059.937888|233.356890|0.350000|49.990821|0.000200
30.022386|283.377906|33083.195150|233.347852|0.350000|50.075257|0.000200
14.989085|300.563099|34942.339333|233.698618|0.350000|49.991253|0.000200
20.007730|299.792003|34983.804408|233.831333|0.350000|50.001733|0.000200
25.075981|298.920928|35022.361521|233.631947|0.350000|49.962634|0.000200
30.011064|300.354374|35066.034462|233.468955|0.350000|50.185864|0.000200
14.948293|249.781449|30298.974522|242.108455|0.350000|49.931837|0.000200
19.991970|250.321398|30239.440491|241.734224|0.350000|50.077978|0.000200
24.974202|250.009129|30223.946590|241.818850|0.350000|49.997560|0.000200
30.023190|250.565703|30263.573283|242.059705|0.350000|50.034746|0.000200
15.001868|267.373350|32170.535560|242.257936|0.350000|49.947230|0.000200
20.004506|266.495226|32215.341286|241.547502|0.350000|49.970109|0.000200
24.967139|266.380175|32232.008746|242.121262|0.350000|49.957318|0.000200
29.874226|267.619985|32177.972198|241.271748|0.350000|49.950653|0.000200
15.026062|282.980335|34229.416971|241.194864|0.350000|50.011043|0.000200
20.012108|283.896377|34228.330405|241.091223|0.350000|50.080210|0.000200
24.974337|283.515786|34275.715064|242.167628|0.350000|50.093988|0.000200
29.924756|283.201950|34179.552836|241.420108|0.350000|49.991969|0.000200
14.976545|300.296567|36132.402972|241.726236|0.350000|49.853960|0.000200
19.990722|299.365229|36355.245524|241.417627|0.350000|49.962822|0.000200
24.948871|299.468731|36267.052542|241.474840|0.350000|50.070506|0.000200
29.970133|299.592431|36244.710867|242.124872|0.350000|49.872080|0.000200
15.008450|250.739579|31219.714213|249.509829|0.350000|50.011035|0.000200
20.019462|250.279308|31213.462525|250.409535|0.350000|49.961432|0.000200
25.021145|249.384969|31316.646107|250.635170|0.350000|49.950712|0.000200
29.945439|250.633355|31263.908550|249.971761|0.350000|50.043369|0.000200
15.021790|266.597825|33294.943768|249.778691|0.350000|50.009924|0.000200
20.041968|266.380270|33352.526588|250.933815|0.350000|50.029257|0.000200
24.925110|267.674217|33386.998580|250.869580|0.350000|50.001310|0.000200
29.927670|266.481503|33364.721723|249.526283|0.350000|49.966807|0.000200
14.983714|283.851427|35420.782937|250.835978|0.350000|49.985374|0.000200
19.953985|283.312761|35496.393772|250.238017|0.350000|50.052569|0.000200
25.036528|283.287143|35501.250092|249.064129|0.350000|49.987787|0.000200
30.024451|284.106124|35439.983697|250.457470|0.350000|49.924230|0.000200
15.031718|301.460763|37529.904992|250.669891|0.350000|49.938202|0.000200
19.986782|300.113990|37546.124550|250.196821|0.350000|49.904460|0.000200
24.944731|299.969689|37599.655737|250.041005|0.350000|49.961170|0.000200
30.018299|299.655047|37538.015628|250.357317|0.350000|50.075901|0.000200
15.004656|249.389197|28111.739131|224.718191|0.480000|49.887355|0.000200
20.063242|250.316895|28102.827951|224.430353|0.480000|49.937771|0.000200
25.039470|249.910043|28074.235342|225.517184|0.480000|50.025445|0.000200
29.988624|249.566168|28078.954655|225.276801|0.480000|49.928522|0.000200
14.949385|266.027745|29933.076153|225.131791|0.480000|49.877586|0.000200
19.968953|266.685788|30004.567902|225.607750|0.480000|49.925869|0.000200
25.048505|266.014645|29950.153863|224.878020|0.480000|49.994394|0.000200
29.963400|267.277664|30030.564929|225.319054|0.480000|50.008610|0.000200
14.971450|284.120990|31896.849852|224.992927|0.480000|50.028603|0.000200
20.021655|283.521343|31913.259645|224.179788|0.480000|50.044313|0.000200
25.053435|283.033374|31899.886380|224.824828|0.480000|50.084901|0.000200
30.049832|283.519306|31876.120443|225.437717|0.480000|50.029027|0.000200
15.004248|301.255124|33809.754655|225.675866|0.480000|50.155362|0.000200
20.006137|300.655765|33695.741281|225.160200|0.480000|49.825426|0.000200
24.998142|300.489889|33756.550553|225.414780|0.480000|49.956283|0.000200
29.940957|300.047919|33712.062922|224.773990|0.480000|50.037273|0.000200
14.997646|249.528107|29193.903583|233.255492|0.480000|49.990065|0.000200
19.966230|249.722895|29202.592336|233.499240|0.480000|49.930749|0.000200
24.991747|250.634784|29059.490382|233.750277|0.480000|49.953227|0.000200
29.894907|249.820318|29203.884905|232.984208|0.480000|50.108112|0.000200
14.959000|266.818921|31148.685492|232.981438|0.480000|49.958700|0.000200
19.999721|266.316409|31048.325440|232.668480|0.480000|50.047929|0.000200
25.041331|266.412099|31111.954674|233.700780|0.480000|49.846345|0.000200
29.919537|266.345173|31160.861695|233.977194|0.480000|50.057650|0.000200
14.977451|283.335556|33019.361300|232.738912|0.480000|49.987152|0.000200
20.029348|283.403257|33142.213908|232.832002|0.480000|50.014910|0.000200
25.033594|283.507041|33075.588776|233.444192|0.480000|49.915222|0.000200
30.012983|283.149592|33105.601854|233.393813|0.480000|49.889986|0.000200
15.009152|300.458239|34968.298840|233.013118|0.480000|49.855631|0.000200
19.997328|299.301127|35090.656589|233.403890|0.480000|50.099176|0.000200
24.958648|299.885729|34996.550442|233.011452|0.480000|49.811916|0.000200
30.064872|300.301583|35052.456303|232.829951|0.480000|50.029527|0.000200
14.965572|249.781977|30244.585589|241.753100|0.480000|50.073330|0.000200
19.961826|249.675452|30230.731248|241.508787|0.480000|49.849694|0.000200
24.970334|250.248618|30147.902123|241.718845|0.480000|49.910575|0.000200
29.849512|249.373260|30188.563724|242.118058|0.480000|50.059587|0.000200
14.993416|267.226682|32196.145193|241.346613|0.480000|50.069347|0.000200
20.034051|266.675095|32230.159603|241.611601|0.480000|50.008012|0.000200
25.005607|266.292027|32273.334391|241.222345|0.480000|50.095903|0.000200
29.999113|266.220819|32199.613731|241.907176|0.480000|50.082682|0.000200
15.044900|283.258963|34276.214655|241.745526|0.480000|50.122362|0.000200
19.945278|283.643695|34235.345738|241.398738|0.480000|49.888893|0.000200
25.001048|283.922034|34290.358798|241.133715|0.480000|49.985110|0.000200
30.008101|283.080991|34315.563996|241.546363|0.480000|49.836783|0.000200
15.016413|300.176663|36174.520985|241.905010|0.480000|49.788956|0.000200
19.993128|299.620321|36190.155512|241.591175|0.480000|49.930533|0.000200
24.954352|299.645870|36331.125019|241.586796|0.480000|49.948601|0.000200
30.085921|300.036683|36268.030053|241.989257|0.480000|50.042964|0.000200
14.926032|250.239031|31219.351596|250.527342|0.480000|49.976936|0.000200
20.021937|249.265621|31253.015381|249.472786|0.480000|49.825945|0.000200
25.055148|249.584597|31331.108937|250.370194|0.480000|50.108210|0.000200
30.002270|249.556478|31117.856598|250.138065|0.480000|50.141574|0.000200
15.022478|266.646223|33341.111394|249.910586|0.480000|50.053558|0.000200
20.029870|266.135861|33320.220820|250.339133|0.480000|49.972457|0.000200
24.966060|266.702875|33350.954601|249.721979|0.480000|50.081981|0.000200
30.002163|267.212863|33277.339895|250.612032|0.480000|49.957341|0.000200
14.962120|283.252736|35410.184223|249.953748|0.480000|49.875796|0.000200
20.041936|283.547650|35438.838727|250.767378|0.480000|50.055573|0.000200
24.998695|282.777517|35454.994755|249.762899|0.480000|49.856806|0.000200
29.971478|281.706600|35381.616677|249.380331|0.480000|50.112687|0.000200
15.015476|299.466577|37589.836722|249.748716|0.480000|50.014728|0.000200
19.998066|300.293074|37458.102551|250.121660|0.480000|49.916066|0.000200
25.023541|299.183285|37692.145930|250.296831|0.480000|49.999778|0.000200
29.967058|299.601304|37560.302053|249.932821|0.480000|50.138421|0.000200
15.001088|249.351952|28163.087283|225.013790|0.620000|50.129533|0.000200
19.970103|250.407303|28115.478211|224.985900|0.620000|49.861131|0.000200
25.058454|250.078965|28120.095391|224.875285|0.620000|50.070845|0.000200
30.005076|249.959866|28115.463949|225.028841|0.620000|50.058050|0.000200
14.975718|266.435568|29998.746918|225.407775|0.620000|49.953158|0.000200
20.050968|266.127790|29900.302829|225.792140|0.620000|50.175265|0.000200
24.916540|265.872665|30049.984046|224.934477|0.620000|49.999258|0.000200
29.980938|266.577482|29906.030491|225.251471|0.620000|50.098295|0.000200
15.029316|283.034237|31894.243252|224.090360|0.620000|49.971266|0.000200
20.060186|283.231765|31862.773144|224.633701|0.620000|50.159853|0.000200
25.028458|283.658204|31750.139975|225.022131|0.620000|50.069847|0.000200
30.022492|282.705433|31907.249185|225.162237|0.620000|50.112411|0.000200
14.999620|300.991008|33650.296545|225.108225|0.620000|49.868431|0.000200
19.972875|299.608033|33750.049354|225.039188|0.620000|49.993009|0.000200
25.035376|299.643235|33774.127592|224.970421|0.620000|50.042729|0.000200
29.996433|300.291081|33579.867270|224.387646|0.620000|49.958392|0.000200
14.968519|250.038520|29172.058902|233.744835|0.620000|50.131192|0.000200
19.985262|249.811566|29157.032775|233.435760|0.620000|49.967275|0.000200
25.024934|250.551860|29150.079046|233.258923|0.620000|49.738342|0.000200
29.977114|248.766995|29099.891373|233.703738|0.620000|49.983692|0.000200
15.000215|267.176890|31117.663779|232.869239|0.620000|49.908252|0.000200
20.035879|266.422574|31113.332723|232.853740|0.620000|50.080466|0.000200
25.004185|266.912983|31139.201649|233.395188|0.620000|49.999186|0.000200
30.006209|266.592310|31127.848111|233.308389|0.620000|50.058531|0.000200
15.076524|282.842599|32970.938055|233.880756|0.620000|50.059993|0.000200
19.967433|283.214095|33055.036553|233.229579|0.620000|49.934183|0.000200
25.034007|282.897160|32963.799635|233.382515|0.620000|49.959270|0.000200
30.026475|283.661607|33024.490150|232.759274|0.620000|49.927467|0.000200
14.981806|300.282456|35044.843665|233.352752|0.620000|49.938002|0.000200
19.977179|299.913804|34928.574040|233.692738|0.620000|49.997603|0.000200
24.974125|299.110228|35051.424732|233.842598|0.620000|49.972130|0.000200
29.974159|299.687466|34994.522655|233.338499|0.620000|50.036783|0.000200
15.015842|250.360138|30114.592725|241.608299|0.620000|49.928751|0.000200
20.076859|250.239802|30223.737215|241.534069|0.620000|50.089725|0.000200
25.001818|250.633220|30211.375450|241.254397|0.620000|49.866661|0.000200
29.974848|249.297691|30150.449411|241.898126|0.620000|50.095206|0.000200
14.992234|266.052010|32256.007254|240.765947|0.620000|49.983279|0.000200
20.020929|266.100427|32223.676645|241.576511|0.620000|49.812153|0.000200
25.018408|265.986534|32189.947109|241.574206|0.620000|49.890669|0.000200
29.957830|266.464044|32353.173266|241.916747|0.620000|49.965299|0.000200
14.988060|282.500565|34248.920316|241.624637|0.620000|50.202344|0.000200
20.020707|282.934112|34273.898230|241.707246|0.620000|50.010858|0.000200
24.995284|283.150560|34244.463288|241.447607|0.620000|49.967472|0.000200
30.065770|283.353487|34275.433253|242.525418|0.620000|50.068691|0.000200
14.990103|300.333082|36193.493797|241.712957|0.620000|50.063197|0.000200
19.993658|299.890367|36307.017280|241.779359|0.620000|50.081017|0.000200
25.017633|299.296291|36215.805019|241.369129|0.620000|49.894060|0.000200
30.040779|299.856092|36309.770779|241.887574|0.620000|49.885336|0.000200
15.005630|249.167109|31083.901032|249.141576|0.620000|49.939424|0.000200
20.001921|249.748071|31291.027306|250.435603|0.620000|49.921611|0.000200
25.001837|250.398403|31240.238300|250.501396|0.620000|49.868150|0.000200
30.003712|250.396533|31232.829800|251.436391|0.620000|50.008613|0.000200
14.951936|267.136702|33378.955240|250.273951|0.620000|50.191170|0.000200
20.006842|266.550327|33278.126905|249.320641|0.620000|49.951732|0.000200
25.004273|267.290878|33382.896356|248.990384|0.620000|50.011627|0.000200
29.971947|266.652381|33334.714918|249.645540|0.620000|49.928060|0.000200
14.957072|283.572644|35506.800683|250.078332|0.620000|49.922112|0.000200
19.964345|282.976608|35345.804869|249.579559|0.620000|49.959976|0.000200
25.012865|283.554115|35394.975018|250.147634|0.620000|49.899465|0.000200
30.024993|283.270032|35505.672051|250.818466|0.620000|50.019643|0.000200
14.999522|300.107673|37484.591669|249.771034|0.620000|49.917058|0.000200
20.029475|299.858505|37585.646383|249.356739|0.620000|50.081639|0.000200
25.003266|300.634681|37530.286687|250.172489|0.620000|50.048919|0.000200
30.009168|299.679788|37484.469457|249.426964|0.620000|50.043767|0.000200
14.992757|249.566932|28124.005484|224.883854|0.750000|49.961160|0.000200
20.016718|250.774781|28197.314929|225.269661|0.750000|49.980215|0.000200
25.023645|250.348571|28238.482412|225.733128|0.750000|49.981125|0.000200
30.031522|249.620936|28153.947313|224.707273|0.750000|50.035415|0.000200
15.018296|267.084240|29934.100462|225.226044|0.750000|50.132297|0.000200
19.990824|267.398904|30009.877964|225.073656|0.750000|50.136430|0.000200
24.985810|266.904280|29974.282364|225.242533|0.750000|49.920098|0.000200
29.965414|266.468903|30016.492949|225.061112|0.750000|49.997569|0.000200
15.038415|283.388835|31858.924313|224.858665|0.750000|50.029197|0.000200
20.019076|282.428059|31892.616213|225.188651|0.750000|50.090697|0.000200
25.004743|282.618251|31831.463443|225.492765|0.750000|49.971307|0.000200
30.050717|283.828313|31902.733300|225.043653|0.750000|49.902041|0.000200
14.999660|300.320604|33666.836788|225.105896|0.750000|50.004347|0.000200
20.013730|299.782102|33820.782266|225.332163|0.750000|49.833066|0.000200
24.980916|299.811230|33777.638800|225.207818|0.750000|50.030494|0.000200
30.040264|300.355183|33759.499736|224.951670|0.750000|49.887670|0.000200
15.029012|250.250565|29247.963188|232.993244|0.750000|49.843617|0.000200
19.988377|249.521408|29113.366384|233.333805|0.750000|49.963482|0.000200
24.977978|250.435733|29090.127927|233.084749|0.750000|49.963697|0.000200
29.950066|250.492865|29090.934240|233.789595|0.750000|49.957668|0.000200
15.035463|266.774584|31133.613428|233.908085|0.750000|49.899626|0.000200
19.982086|266.317810|31139.341797|233.753123|0.750000|50.070064|0.000200
25.019754|266.389461|31051.236352|233.506810|0.750000|50.007131|0.000200
29.967148|266.639318|31125.601025|233.178177|0.750000|50.123573|0.000200
14.980597|284.198990|33056.402826|232.952951|0.750000|50.114967|0.000200
20.040077|283.161559|33014.638011|233.181676|0.750000|50.031150|0.000200
25.030612|283.650882|33090.452283|233.413155|0.750000|50.107943|0.000200
29.923434|282.971538|33034.917474|233.642820|0.750000|49.952958|0.000200
15.009451|299.756449|34994.717380|232.906730|0.750000|50.097199|0.000200
20.011205|299.550323|34997.352412|233.462928|0.750000|50.133134|0.000200
24.950074|299.812140|35001.455303|233.731478|0.750000|50.006871|0.000200
30.030372|300.575271|34985.590698|233.271744|0.750000|50.006714|0.000200
15.003974|250.321617|30206.671416|241.293155|0.750000|50.077844|0.000200
19.977586|249.641238|30229.892924|240.925220|0.750000|49.996715|0.000200
25.100756|249.800001|30253.008647|240.809704|0.750000|50.082467|0.000200
30.008646|250.030189|30109.499747|241.598423|0.750000|50.085959|0.000200
15.042349|266.292496|32154.068888|240.987957|0.750000|50.245067|0.000200
20.033751|266.675929|32304.324045|242.191490|0.750000|49.839722|0.000200
25.045538|266.141259|32225.882146|241.655123|0.750000|49.825156|0.000200
29.993002|266.763830|32296.927255|241.979704|0.750000|50.188487|0.000200
14.996082|284.440556|34361.654922|242.363199|0.750000|49.969156|0.000200
19.954262|283.881894|34213.814349|241.233242|0.750000|49.946515|0.000200
25.020090|283.625103|34104.936516|241.157325|0.750000|50.003795|0.000200
29.902392|283.709000|34231.451032|241.482869|0.750000|49.971973|0.000200
15.027673|301.086269|36169.151772|241.491923|0.750000|50.045168|0.000200
20.023340|299.048545|36138.113772|241.934423|0.750000|50.051226|0.000200
24.992960|299.210832|36336.848571|241.410794|0.750000|49.941388|0.000200
29.967239|300.080847|36144.921066|241.486261|0.750000|49.956644|0.000200
14.990687|249.887985|31217.046692|249.819363|0.750000|50.048025|0.000200
20.012163|249.529423|31153.915780|249.709371|0.750000|49.948395|0.000200
25.039394|249.609634|31344.177826|249.955680|0.750000|50.076033|0.000200
29.991189|250.143526|31279.784304|249.791562|0.750000|50.084883|0.000200
15.038562|266.180923|33245.283310|250.269514|0.750000|49.978040|0.000200
19.977990|266.535356|33339.044752|249.634948|0.750000|49.974928|0.000200
25.007431|266.859992|33298.991638|250.389259|0.750000|49.919685|0.000200
30.017677|266.264443|33237.258171|250.090726|0.750000|49.982262|0.000200
14.992114|282.908475|35357.475081|249.426713|0.750000|50.030344|0.000200
19.993173|282.790495|35357.961972|250.083680|0.750000|50.062583|0.000200
24.995223|283.105321|35358.546964|250.801537|0.750000|50.030806|0.000200
29.960311|282.352644|35457.792758|250.007555|0.750000|50.010458|0.000200
15.008004|299.489907|37474.148614|249.975767|0.750000|49.975437|0.000200
19.929630|299.838156|37532.559870|250.346811|0.750000|49.945748|0.000200
24.957637|300.487198|37479.453640|249.824671|0.750000|49.938987|0.000200
30.089264|300.121436|37455.914755|250.925349|0.750000|49.917479|0.000200
15.038497|249.806005|28120.440649|224.605980|0.350000|53.318060|0.000200
19.996259|249.776238|28120.746249|225.673921|0.350000|53.262835|0.000200
24.999084|250.779929|28154.251558|225.406647|0.350000|53.461845|0.000200
30.021304|250.222853|28102.151231|225.267811|0.350000|53.168738|0.000200
14.995034|267.419833|30084.656081|224.841068|0.350000|53.199518|0.000200
19.975843|267.298584|29960.688033|225.055074|0.350000|53.302141|0.000200
24.950869|266.830496|30024.559397|225.220202|0.350000|53.267609|0.000200
30.026250|265.521855|29974.279741|224.835185|0.350000|53.520296|0.000200
15.021385|283.466133|31876.873800|224.851079|0.350000|53.372518|0.000200
19.929714|283.155130|31885.502204|224.986162|0.350000|53.363869|0.000200
25.016710|282.490094|31856.447001|224.767173|0.350000|53.322808|0.000200
29.996411|283.570089|31898.024991|225.311588|0.350000|53.161001|0.000200
14.982051|300.930084|33791.341648|224.898485|0.350000|53.384386|0.000200
20.012126|299.983780|33596.989243|225.151612|0.350000|53.350060|0.000200
24.987464|300.610413|33737.824225|224.944686|0.350000|53.416123|0.000200
30.022494|300.076482|33748.459984|224.372764|0.350000|53.312459|0.000200
14.946322|250.008089|29168.911297|232.533803|0.350000|53.577757|0.000200
20.001926|250.446912|29209.985697|233.451797|0.350000|53.310334|0.000200
25.028390|250.114642|29165.450089|233.385171|0.350000|53.350304|0.000200
30.090767|249.564223|29151.253435|232.959328|0.350000|53.350665|0.000200
15.011742|266.664186|31144.144067|234.159808|0.350000|53.275874|0.000200
19.978431|266.764414|31090.781546|233.460958|0.350000|53.223278|0.000200
25.004560|266.620695|31104.294457|233.081655|0.350000|53.416566|0.000200
30.044785|267.772009|31138.678444|233.599882|0.350000|53.257137|0.000200
15.047722|283.839335|32987.493217|233.012572|0.350000|53.117853|0.000200
19.992611|283.501123|33100.690449|233.550407|0.350000|53.244717|0.000200
24.981852|283.139960|33097.840090|232.274221|0.350000|53.236756|0.000200
30.025657|283.408888|32991.811282|233.211390|0.350000|53.142226|0.000200
15.042849|300.544259|35028.833510|233.807056|0.350000|53.398251|0.000200
20.023334|299.468879|35077.073889|232.515123|0.350000|53.459528|0.000200
25.022523|300.590123|35081.667156|233.536618|0.350000|53.345804|0.000200
30.042021|299.582983|35022.086842|233.369351|0.350000|53.396758|0.000200
14.974288|249.884896|30202.445349|241.533327|0.350000|53.276561|0.000200
20.004923|250.430328|30284.851871|241.278962|0.350000|53.333214|0.000200
24.964055|249.911495|30186.130877|241.161349|0.350000|53.495190|0.000200
30.058538|250.184990|30189.065200|242.130850|0.350000|53.418994|0.000200
15.023800|266.219888|32110.860244|241.534503|0.350000|53.268638|0.000200
19.996666|267.553594|32227.033175|241.810398|0.350000|53.411249|0.000200
25.051190|267.484892|32232.465218|241.254844|0.350000|53.380630|0.000200
30.054365|266.894666|32276.431007|242.536619|0.350000|53.409907|0.000200
15.011709|283.922352|34270.191132|242.671861|0.350000|53.259451|0.000200
20.003423|283.093119|34192.417792|242.081526|0.350000|53.467342|0.000200
25.025072|283.062605|34242.978151|240.347064|0.350000|53.183349|0.000200
29.952944|284.192436|34264.049582|241.747040|0.350000|53.349541|0.000200
15.006479|299.851463|36261.480749|241.825513|0.350000|53.395705|0.000200
19.995983|300.397272|36229.892205|241.732245|0.350000|53.416940|0.000200
25.013856|299.530790|36217.290400|241.993171|0.350000|53.362516|0.000200
29.895729|300.604492|36336.220347|242.125296|0.350000|53.427882|0.000200
14.977451|250.194876|31291.740949|250.004854|0.350000|53.428166|0.000200
20.035629|250.441991|31220.763087|250.134497|0.350000|53.396175|0.000200
25.031247|250.571841|31135.160838|250.337231|0.350000|53.336973|0.000200
30.047127|250.352294|31208.420702|250.433901|0.350000|53.360708|0.000200
15.039140|266.605053|33306.609930|250.223964|0.350000|53.250808|0.000200
20.039712|266.315643|33259.505238|250.225692|0.350000|53.234814|0.000200
25.045146|266.839416|33381.070917|249.668202|0.350000|53.384806|0.000200
29.960138|266.947078|33301.181567|250.180255|0.350000|53.432716|0.000200
15.019469|283.138859|35458.649805|249.375413|0.350000|53.387901|0.000200
20.009315|283.409190|35432.747758|249.928306|0.350000|53.320728|0.000200
24.993311|283.246012|35430.036203|249.698722|0.350000|53.401807|0.000200
29.989274|284.220513|35275.423294|250.317230|0.350000|53.394656|0.000200
15.021989|300.136955|37509.960288|250.235309|0.350000|53.450286|0.000200
19.954878|299.905932|37496.497877|249.699624|0.350000|53.460187|0.000200
25.038325|299.765825|37464.779111|250.891427|0.350000|53.309818|0.000200
30.044403|300.290054|37472.120583|250.953417|0.350000|53.196950|0.000200
14.994476|250.214942|28147.177421|224.895959|0.480000|53.164278|0.000200
20.012500|249.957068|28032.729788|224.840349|0.480000|53.284351|0.000200
25.039061|249.822693|28051.699321|224.270187|0.480000|53.463923|0.000200
30.047723|250.322239|28100.632081|225.210137|0.480000|53.277584|0.000200
15.048020|266.403514|30019.370094|225.661081|0.480000|53.632144|0.000200
19.998152|266.511267|30062.063502|225.259123|0.480000|53.271248|0.000200
25.025924|266.514072|30074.749572|226.014221|0.480000|53.389901|0.000200
30.029591|265.995260|29949.156368|224.704694|0.480000|53.341323|0.000200
14.967404|283.246877|31897.779786|225.164096|0.480000|53.251885|0.000200
20.029169|284.391421|31918.139029|224.960125|0.480000|53.247848|0.000200
25.021465|283.114410|31896.294211|225.498164|0.480000|53.473612|0.000200
30.005130|283.437746|31904.302190|224.516780|0.480000|53.144861|0.000200
14.956071|300.307658|33606.437139|224.966824|0.480000|53.337443|0.000200
19.977483|299.542457|33687.889159|224.906876|0.480000|53.358245|0.000200
24.993657|300.117259|33770.994863|224.450856|0.480000|53.303705|0.000200
30.090402|300.077854|33792.846992|224.811666|0.480000|53.380500|0.000200
14.976446|249.530850|29151.435294|233.407325|0.480000|53.390318|0.000200
20.026590|250.003894|29159.860524|233.400532|0.480000|53.277589|0.000200
24.996470|249.889711|29200.585940|233.713431|0.480000|53.354350|0.000200
30.033107|250.226331|29132.616300|233.034569|0.480000|53.454470|0.000200
15.020552|266.713977|31019.375081|233.794582|0.480000|53.391531|0.000200
19.979814|266.454792|31102.661811|233.338507|0.480000|53.137922|0.000200
25.062487|266.235578|31102.796898|233.226398|0.480000|53.345744|0.000200
29.998744|266.154634|31136.006653|233.956209|0.480000|53.283125|0.000200
14.999655|283.447059|33104.098041|232.780614|0.480000|53.156681|0.000200
20.002899|283.079405|33076.357767|233.380268|0.480000|53.446074|0.000200
24.933680|282.969263|33028.596084|233.538370|0.480000|53.382141|0.000200
30.042084|283.545124|33004.323037|234.081787|0.480000|53.296353|0.000200
15.029266|300.056956|35088.547741|232.774960|0.480000|53.363103|0.000200
20.025199|300.736694|35110.715383|233.815997|0.480000|53.473243|0.000200
25.044316|299.876748|35015.042057|233.310207|0.480000|53.343225|0.000200
30.056501|299.229423|34987.681723|233.272706|0.480000|53.335454|0.000200
15.035892|249.973759|30205.032298|241.693603|0.480000|53.405471|0.000200
19.982077|250.324070|30210.478676|241.564002|0.480000|53.249592|0.000200
24.948464|249.440348|30200.471714|241.099265|0.480000|53.373289|0.000200
30.045459|249.541555|30255.227848|241.328987|0.480000|53.251552|0.000200
14.979876|265.804477|32206.931537|241.220671|0.480000|53.242484|0.000200
20.004825|266.680232|32196.116130|241.343090|0.480000|53.337132|0.000200
25.034442|266.496227|32255.971006|241.936585|0.480000|53.323013|0.000200
29.969146|266.807446|32192.268781|241.823562|0.480000|53.487831|0.000200
14.999960|282.168377|34211.970192|242.045612|0.480000|53.282981|0.000200
19.987902|283.209067|34284.600150|241.223881|0.480000|53.362158|0.000200
24.945170|283.722437|34134.333629|242.059573|0.480000|53.414301|0.000200
30.051743|283.411245|34217.137076|241.318593|0.480000|53.326340|0.000200
14.952386|300.318192|36275.360030|241.471686|0.480000|53.100909|0.000200
19.963226|300.582338|36258.690783|241.080423|0.480000|53.384270|0.000200
24.991740|299.812802|36230.798778|241.928961|0.480000|53.328551|0.000200
30.033631|299.460555|36204.139956|241.595642|0.480000|53.384766|0.000200
15.007618|249.715627|31187.224851|250.268624|0.480000|53.444294|0.000200
20.049123|250.699020|31261.206423|250.070685|0.480000|53.200161|0.000200
24.941921|250.122614|31304.313068|250.057481|0.480000|53.309163|0.000200
29.994393|250.520390|31201.109275|249.757454|0.480000|53.226757|0.000200
14.950540|266.187941|33281.769387|249.621731|0.480000|53.442401|0.000200
19.987183|267.257904|33322.529717|249.502829|0.480000|53.417366|0.000200
25.009719|266.771221|33348.395258|249.597546|0.480000|53.440839|0.000200
30.056297|266.358388|33406.167956|251.003361|0.480000|53.218731|0.000200
15.001058|283.339900|35291.351037|249.541364|0.480000|53.251464|0.000200
19.979332|283.045654|35315.891531|250.131207|0.480000|53.396727|0.000200
24.909575|282.693399|35480.423156|250.057241|0.480000|53.490305|0.000200
30.003411|283.092152|35492.706303|249.649418|0.480000|53.280941|0.000200
15.008546|300.599656|37471.169908|250.230889|0.480000|53.339469|0.000200
19.996056|300.489723|37508.575390|249.113801|0.480000|53.317392|0.000200
24.945824|300.687628|37451.210403|249.810139|0.480000|53.414088|0.000200
29.997510|299.521260|37504.546130|249.560767|0.480000|53.297594|0.000200
15.020844|249.838498|28080.282223|224.961590|0.620000|53.416886|0.000200
20.028820|250.304163|28054.803439|225.324839|0.620000|53.379402|0.000200
24.963361|249.960575|28116.180822|224.790200|0.620000|53.361622|0.000200
30.065455|250.804810|28202.412502|224.730460|0.620000|53.249945|0.000200
15.009687|266.687734|29994.679754|224.961440|0.620000|53.386550|0.000200
20.007685|267.488424|29997.933438|224.612394|0.620000|53.489246|0.000200
25.045890|266.522883|29979.616808|225.201128|0.620000|53.425416|0.000200
29.958454|266.389880|29992.437183|224.962839|0.620000|53.270897|0.000200
14.979340|283.470158|31897.180743|225.123978|0.620000|53.223286|0.000200
19.979992|282.637007|31857.057922|225.115440|0.620000|53.260384|0.000200
24.945384|283.378932|31864.658711|224.644485|0.620000|53.346509|0.000200
30.034144|282.595706|31869.197573|224.506147|0.620000|53.344696|0.000200
14.968755|300.332686|33718.968611|225.463870|0.620000|53.493492|0.000200
19.990012|300.066404|33756.968170|225.849901|0.620000|53.158083|0.000200
24.971672|299.727411|33796.243601|225.148300|0.620000|53.250449|0.000200
30.023879|299.346185|33755.207156|225.413795|0.620000|53.173561|0.000200
15.026139|249.460438|29244.294418|233.012401|0.620000|53.309132|0.000200
19.938953|249.872847|29129.190509|232.504860|0.620000|53.446796|0.000200
24.948269|250.046738|29221.667313|233.096506|0.620000|53.496193|0.000200
30.007915|250.143850|29222.680073|233.260989|0.620000|53.395868|0.000200
14.938736|266.235893|31111.011743|233.114554|0.620000|53.377819|0.000200
19.988467|267.011969|31115.484409|233.146078|0.620000|53.324731|0.000200
24.949793|266.736058|31100.836855|233.759356|0.620000|53.318833|0.000200
29.990145|266.632147|31130.646289|233.408530|0.620000|53.335355|0.000200
15.034111|283.729527|33005.507197|233.799650|0.620000|53.372224|0.000200
19.987941|282.062360|33034.130622|233.382881|0.620000|53.480703|0.000200
25.042005|283.534110|33050.811932|233.408930|0.620000|53.341708|0.000200
30.012360|283.283147|33043.183591|233.034082|0.620000|53.268798|0.000200
14.959620|299.659774|34961.133972|232.986658|0.620000|53.515835|0.000200
20.001839|301.592059|34946.675176|233.240105|0.620000|53.254211|0.000200
25.017605|299.182532|35051.553450|232.096390|0.620000|53.407357|0.000200
29.927149|299.283155|35032.555943|233.308784|0.620000|53.204585|0.000200
15.011278|250.472032|30231.441022|241.709781|0.620000|53.278110|0.000200
19.995180|250.618411|30181.155672|241.619955|0.620000|53.264434|0.000200
25.067540|250.033365|30236.016634|241.827830|0.620000|53.440202|0.000200
29.977572|250.045581|30242.784041|241.822453|0.620000|53.441298|0.000200
14.993572|267.020393|32132.790413|241.641752|0.620000|53.379765|0.000200
20.070519|266.364917|32246.569572|242.798245|0.620000|53.317547|0.000200
24.984816|265.542724|32308.129715|241.204962|0.620000|53.286226|0.000200
29.906646|266.585803|32271.672725|241.824702|0.620000|53.181013|0.000200
14.987036|283.524928|34247.289269|241.595037|0.620000|53.300121|0.000200
19.981118|283.004446|34209.902571|241.597609|0.620000|53.442803|0.000200
25.039459|282.679771|34237.944508|241.663757|0.620000|53.344401|0.000200
30.022430|283.447388|34236.116346|240.752823|0.620000|53.296554|0.000200
14.977780|298.653799|36095.110648|241.933758|0.620000|53.350347|0.000200
19.947138|299.483975|36241.850220|241.579996|0.620000|53.282326|0.000200
25.014415|300.343128|36258.335922|241.591960|0.620000|53.356538|0.000200
30.003697|300.310284|36271.155546|241.465058|0.620000|53.441006|0.000200
15.004021|250.181333|31247.506478|249.658455|0.620000|53.349762|0.000200
19.973701|249.735991|31257.371525|249.888678|0.620000|53.311945|0.000200
25.030537|250.349026|31221.823046|249.981310|0.620000|53.354383|0.000200
30.012433|250.373971|31226.994402|249.668244|0.620000|53.366542|0.000200
15.052577|266.448495|33443.576285|250.060729|0.620000|53.369812|0.000200
19.982289|266.299302|33336.842855|250.508296|0.620000|53.179654|0.000200
25.038134|266.174465|33322.298779|249.912617|0.620000|53.331833|0.000200
29.981893|267.314462|33398.265743|249.944796|0.620000|53.453050|0.000200
14.985929|283.483156|35440.131886|249.937706|0.620000|53.322124|0.000200
19.989086|282.871348|35471.186705|249.645716|0.620000|53.320914|0.000200
24.941129|283.359510|35335.534065|249.757373|0.620000|53.466410|0.000200
30.013197|283.040893|35352.230850|251.202014|0.620000|53.163555|0.000200
14.987493|299.834036|37500.339618|249.492922|0.620000|53.278730|0.000200
20.017069|299.309531|37456.791104|250.018054|0.620000|53.215227|0.000200
24.958847|299.086540|37529.127169|250.128614|0.620000|53.293492|0.000200
30.066281|299.731127|37552.757435|250.286839|0.620000|53.406771|0.000200
15.027264|250.670001|28057.825032|224.697885|0.750000|53.125382|0.000200
19.993134|249.344729|28087.967506|225.047153|0.750000|53.273787|0.000200
25.037380|250.084796|28187.015053|225.106377|0.750000|53.377093|0.000200
29.955029|249.424542|28135.879952|225.269746|0.750000|53.341902|0.000200
14.977594|266.813765|30025.260775|225.042500|0.750000|53.332642|0.000200
19.979841|266.952940|29996.338994|225.429466|0.750000|53.273570|0.000200
24.959790|267.402145|29942.262697|225.117928|0.750000|53.331523|0.000200
29.991363|266.344554|29955.975212|224.637242|0.750000|53.407981|0.000200
14.973889|283.629025|31927.850154|224.628906|0.750000|53.547322|0.000200
19.972335|282.279030|31877.107509|224.687825|0.750000|53.309744|0.000200
24.957664|283.852039|31961.911638|225.452576|0.750000|53.447952|0.000200
30.093755|282.759066|31861.129857|225.017796|0.750000|53.276765|0.000200
14.987639|300.488949|33684.174503|224.796209|0.750000|53.324689|0.000200
19.997698|300.650212|33766.548941|225.313170|0.750000|53.378852|0.000200
24.966932|300.176742|33739.877943|225.245475|0.750000|53.340299|0.000200
30.028389|300.201110|33786.474562|225.001647|0.750000|53.255176|0.000200
15.001838|249.596046|29103.654921|233.262457|0.750000|53.431507|0.000200
20.009869|250.220502|29120.230358|232.985672|0.750000|53.306025|0.000200
24.974638|250.506429|29175.506229|232.733972|0.750000|53.223377|0.000200
30.013265|249.795056|29073.395685|233.079690|0.750000|53.448132|0.000200
14.994445|266.891742|31066.143982|234.121559|0.750000|53.360622|0.000200
19.956785|267.007617|31143.103050|233.797397|0.750000|53.262497|0.000200
24.985886|266.838708|31077.854636|233.161001|0.750000|53.470392|0.000200
29.977249|266.462948|31312.077822|233.265660|0.750000|53.390564|0.000200
15.003340|283.046014|33060.756778|233.715892|0.750000|53.306710|0.000200
20.054398|282.928030|33018.838810|233.828010|0.750000|53.268250|0.000200
24.998500|283.498527|33028.850438|232.524809|0.750000|53.450959|0.000200
29.991547|283.820922|33066.985576|233.584449|0.750000|53.476529|0.000200
15.006349|299.419426|35077.360888|232.880829|0.750000|53.364497|0.000200
19.922244|300.368729|34891.197958|232.526975|0.750000|53.405935|0.000200
24.975689|300.211244|35017.521072|233.318364|0.750000|53.345463|0.000200
29.988014|300.197375|35029.736137|233.509445|0.750000|53.314358|0.000200
14.968169|250.074007|30185.844264|241.327744|0.750000|53.305366|0.000200
20.024052|249.809829|30235.755225|241.535093|0.750000|53.297299|0.000200
24.980787|249.952645|30227.125849|241.462153|0.750000|53.398826|0.000200
30.032579|250.941810|30223.467975|241.558215|0.750000|53.257125|0.000200
14.983197|267.340715|32161.962400|241.770049|0.750000|53.371942|0.000200
19.994416|267.091100|32254.315144|242.104247|0.750000|53.380792|0.000200
25.026899|266.922127|32266.214336|241.340753|0.750000|53.164916|0.000200
30.108260|267.395930|32271.557474|241.356009|0.750000|53.236000|0.000200
15.045898|283.735686|34301.485606|241.306912|0.750000|53.309663|0.000200
20.025867|284.088927|34156.723519|241.776783|0.750000|53.362536|0.000200
25.045869|283.647821|34245.236813|242.019730|0.750000|53.155346|0.000200
29.956437|283.927580|34226.778822|241.418275|0.750000|53.324549|0.000200
14.983035|299.697084|36208.831903|241.491041|0.750000|53.516063|0.000200
20.019147|300.355915|36297.841342|241.185547|0.750000|53.284244|0.000200
25.045208|299.921957|36268.378344|241.284125|0.750000|53.342381|0.000200
29.912941|299.352336|36247.965154|242.107254|0.750000|53.379193|0.000200
15.028986|250.260876|31292.383909|249.915177|0.750000|53.171985|0.000200
20.041199|250.483999|31144.541266|249.369314|0.750000|53.359737|0.000200
24.988691|249.844682|31255.075878|249.850044|0.750000|53.351761|0.000200
29.948937|250.010633|31200.576469|250.335511|0.750000|53.350863|0.000200
15.050716|266.739414|33409.733547|250.144594|0.750000|53.351740|0.000200
19.941331|266.435803|33401.342211|250.030252|0.750000|53.263515|0.000200
25.090899|266.180434|33278.045867|249.439165|0.750000|53.420686|0.000200
30.093995|267.326066|33289.263553|249.634226|0.750000|53.385094|0.000200
15.015147|283.542375|35372.130668|249.904835|0.750000|53.189824|0.000200
19.971564|282.968700|35467.229865|250.453870|0.750000|53.309696|0.000200
25.081555|283.410986|35464.290167|250.209803|0.750000|53.361496|0.000200
29.969141|283.229417|35381.483265|249.828539|0.750000|53.305737|0.000200
15.026613|300.003288|37445.613258|250.002568|0.750000|53.359091|0.000200
19.986905|300.316448|37445.071688|249.620740|0.750000|53.256542|0.000200
25.012985|299.581932|37397.768770|249.031784|0.750000|53.400928|0.000200
30.041069|299.961408|37532.295369|249.763456|0.750000|53.190794|0.000200
15.011560|249.423976|28133.653765|225.130263|0.350000|56.598650|0.000200
19.978202|250.014349|28120.394414|225.000361|0.350000|56.723332|0.000200
24.939688|249.053594|28080.307782|224.533413|0.350000|56.709600|0.000200
30.006436|250.447818|28168.398954|224.574811|0.350000|56.468660|0.000200
15.003349|266.068171|29868.708002|225.573085|0.350000|56.649247|0.000200
19.986130|266.844742|30043.070605|224.725037|0.350000|56.789213|0.000200
24.971252|266.837224|30033.971577|225.277168|0.350000|56.543146|0.000200
29.992164|266.658990|29900.733313|225.101081|0.350000|56.560234|0.000200
15.005110|282.480372|31919.230520|225.403493|0.350000|56.548296|0.000200
19.949372|283.251076|31900.079278|225.317041|0.350000|56.540442|0.000200
24.994352|283.075862|31897.782070|225.581559|0.350000|56.611309|0.000200
30.040628|283.246708|31879.670797|224.583662|0.350000|56.849900|0.000200
14.995070|299.944280|33795.110410|225.782438|0.350000|56.563582|0.000200
20.018546|300.017384|33795.319506|225.274829|0.350000|56.634859|0.000200
24.959608|300.134850|33790.999573|225.058470|0.350000|56.552923|0.000200
29.945778|298.830333|33814.531570|224.543971|0.350000|56.855014|0.000200
15.042217|249.770620|29108.912946|233.613259|0.350000|56.476395|0.000200
19.987818|249.977548|29156.002699|234.035559|0.350000|56.753578|0.000200
25.039851|250.232275|29134.842010|233.244643|0.350000|56.804464|0.000200
29.927458|249.285924|29101.391086|233.118686|0.350000|56.747653|0.000200
14.995998|267.245349|31049.874386|233.190833|0.350000|56.655561|0.000200
20.019348|266.929160|31064.488936|232.622410|0.350000|56.523722|0.000200
24.970443|266.065801|31101.065248|233.541427|0.350000|56.683474|0.000200
30.011809|266.147683|31129.873693|233.230530|0.350000|56.649901|0.000200
15.060605|283.505666|33026.785359|233.820241|0.350000|56.765299|0.000200
19.975629|283.328552|33003.006919|233.669230|0.350000|56.478874|0.000200
24.983496|283.260783|33094.225091|232.880304|0.350000|56.642212|0.000200
29.999188|283.235939|32913.601602|233.332737|0.350000|56.826302|0.000200
15.008798|299.463342|34954.545901|233.389221|0.350000|56.682528|0.000200
19.972538|299.983594|35026.800553|232.650082|0.350000|56.714848|0.000200
25.025402|299.771815|35043.779134|233.027092|0.350000|56.799083|0.000200
29.950316|300.296935|35037.744652|233.311380|0.350000|56.456327|0.000200
14.996211|250.438748|30151.997440|241.568818|0.350000|56.638207|0.000200
19.999383|249.372611|30226.017634|241.576346|0.350000|56.675040|0.000200
25.051529|250.248164|30162.975335|241.184713|0.350000|56.628588|0.000200
30.023044|250.241634|30183.178303|242.085743|0.350000|56.741143|0.000200
15.000100|265.948340|32281.765680|241.610487|0.350000|56.682877|0.000200
20.006602|266.536424|32241.659546|241.787210|0.350000|56.700247|0.000200
25.087364|266.552922|32239.734872|241.281401|0.350000|56.753016|0.000200
30.037865|267.422363|32202.518681|241.579277|0.350000|56.667929|0.000200
14.969674|283.240810|34173.476718|241.638211|0.350000|56.634422|0.000200
19.960953|283.773571|34215.641650|242.404721|0.350000|56.611653|0.000200
25.005353|283.419404|34222.326115|241.455178|0.350000|56.771458|0.000200
30.109677|283.466415|34275.697324|240.974157|0.350000|56.662975|0.000200
15.017018|300.652128|36174.321541|241.892216|0.350000|56.579171|0.000200
20.046914|299.871848|36252.673535|241.628838|0.350000|56.693481|0.000200
24.998707|299.295682|36286.373607|240.815493|0.350000|56.483448|0.000200
30.077825|300.509905|36200.311655|241.673667|0.350000|56.639074|0.000200
14.984948|249.820336|31315.012311|249.804689|0.350000|56.559619|0.000200
20.018125|250.105278|31213.946206|249.361587|0.350000|56.661328|0.000200
25.044270|249.619029|31243.066057|250.111231|0.350000|56.723939|0.000200
30.025859|250.274368|31255.074562|250.783699|0.350000|56.734928|0.000200
14.969685|267.101867|33373.614257|250.803306|0.350000|56.498422|0.000200
19.996516|267.223898|33349.634823|250.350974|0.350000|56.613076|0.000200
24.991823|266.752541|33186.970523|250.316613|0.350000|56.697323|0.000200
29.987764|266.036059|33357.364980|249.815044|0.350000|56.832996|0.000200
14.962792|283.120867|35404.828802|250.127496|0.350000|56.733926|0.000200
19.972695|283.693414|35405.137256|250.311042|0.350000|56.798380|0.000200
24.966073|282.750949|35532.762166|249.538281|0.350000|56.637673|0.000200
29.976472|283.062063|35497.072806|249.525837|0.350000|56.668834|0.000200
15.003395|300.045829|37423.749685|249.932129|0.350000|56.748859|0.000200
19.974660|301.126099|37405.577969|250.206384|0.350000|56.622627|0.000200
25.064988|300.074334|37398.020331|249.529470|0.350000|56.686180|0.000200
30.069119|298.757194|37454.193862|249.102740|0.350000|56.575894|0.000200
14.993590|249.615086|28076.667575|224.830880|0.480000|56.720913|0.000200
19.995496|249.536093|28132.518947|223.893024|0.480000|56.559635|0.000200
24.987015|249.410894|28116.622714|224.897394|0.480000|56.801947|0.000200
30.097427|250.121842|28065.794249|225.047592|0.480000|56.596129|0.000200
14.994157|267.231556|30020.783238|224.761358|0.480000|56.673699|0.000200
19.974109|266.117030|30014.920682|225.953805|0.480000|56.630063|0.000200
25.026498|266.546153|29994.029722|224.722452|0.480000|56.685294|0.000200
30.073213|266.517602|29953.639443|225.528512|0.480000|56.917696|0.000200
14.988989|283.141141|31943.147046|224.884225|0.480000|56.680228|0.000200
20.014807|283.995359|31726.636857|225.591083|0.480000|56.541404|0.000200
25.064260|282.776612|31895.775270|224.996748|0.480000|56.746712|0.000200
30.058938|283.397531|31875.121559|224.706045|0.480000|56.545282|0.000200
15.009820|299.263674|33803.195718|224.610737|0.480000|56.723059|0.000200
20.046187|299.532365|33771.154263|225.271093|0.480000|56.623500|0.000200
25.001321|300.264949|33756.051941|224.927132|0.480000|56.628088|0.000200
29.910829|300.282421|33712.173353|224.755238|0.480000|56.693607|0.000200
14.992459|250.241334|29139.838329|233.537825|0.480000|56.664648|0.000200
20.055631|249.643664|29241.454469|233.948856|0.480000|56.717480|0.000200
25.018353|251.150948|29170.661962|233.322309|0.480000|56.541277|0.000200
30.112540|250.766807|29193.908861|233.766580|0.480000|56.574686|0.000200
14.986878|266.452228|31184.878851|233.612788|0.480000|56.671589|0.000200
19.989996|266.092734|31051.130815|233.290558|0.480000|56.558920|0.000200
25.034340|266.147383|31061.751682|233.125163|0.480000|56.659493|0.000200
29.993770|266.942404|31059.017086|233.670238|0.480000|56.669687|0.000200
15.023044|284.066641|33062.716883|232.787332|0.480000|56.670213|0.000200
19.976896|283.553411|33057.868056|233.076687|0.480000|56.752604|0.000200
24.987433|283.593448|33169.397430|233.797618|0.480000|56.680412|0.000200
29.962950|283.425446|32933.777261|233.319357|0.480000|56.669801|0.000200
14.995695|299.505521|34954.831504|233.394164|0.480000|56.647778|0.000200
19.978294|299.976772|34971.096784|233.855632|0.480000|56.640109|0.000200
25.009850|300.433961|35005.382501|232.784387|0.480000|56.662548|0.000200
30.007945|300.562115|34990.532525|233.016622|0.480000|56.584034|0.000200
14.991053|249.805950|30212.628044|241.688349|0.480000|56.741299|0.000200
20.004775|250.095399|30214.692272|241.358991|0.480000|56.703879|0.000200
24.982197|249.520771|30246.825952|241.545111|0.480000|56.638034|0.000200
30.017370|250.345790|30189.567835|241.290558|0.480000|56.747478|0.000200
14.980405|266.493188|32189.173113|241.557892|0.480000|56.607129|0.000200
20.006830|266.320681|32241.315638|241.817200|0.480000|56.764575|0.000200
25.046229|266.750121|32256.968091|241.376841|0.480000|56.466708|0.000200
30.056406|266.217481|32235.288779|242.436578|0.480000|56.646522|0.000200
14.995637|282.705134|34130.027220|241.378172|0.480000|56.703443|0.000200
20.036401|283.105298|34150.045223|241.679646|0.480000|56.639022|0.000200
24.977685|283.854138|34190.156320|240.894683|0.480000|56.562440|0.000200
29.977378|283.499249|34223.759978|242.294000|0.480000|56.553325|0.000200
14.999271|300.306921|36279.938830|241.263581|0.480000|56.644338|0.000200
20.014004|300.162353|36243.745247|241.696981|0.480000|56.781125|0.000200
25.000986|300.082674|36290.620475|241.821518|0.480000|56.542678|0.000200
29.993485|300.288015|36267.300803|241.150235|0.480000|56.916982|0.000200
15.027743|250.157882|31275.950338|249.682271|0.480000|56.709823|0.000200
19.963319|249.660941|31271.245493|249.940316|0.480000|56.628328|0.000200
25.000143|250.626920|31303.787192|249.715068|0.480000|56.602466|0.000200
30.045221|250.349150|31114.529162|249.387333|0.480000|56.774684|0.000200
14.940313|267.349768|33289.453039|250.912289|0.480000|56.714140|0.000200
19.967095|266.544408|33353.010423|249.613490|0.480000|56.649661|0.000200
24.934255|267.342017|33368.942911|250.172377|0.480000|56.591470|0.000200
30.023899|266.584119|33356.342322|250.092125|0.480000|56.621963|0.000200
14.999068|283.299576|35411.264417|249.991246|0.480000|56.659300|0.000200
20.009673|283.367330|35387.629416|249.858565|0.480000|56.610556|0.000200
25.014979|283.919209|35371.629370|250.235539|0.480000|56.663922|0.000200
30.014104|282.917941|35359.646782|250.300435|0.480000|56.872458|0.000200
15.005282|299.577466|37502.368201|250.373900|0.480000|56.683911|0.000200
20.027091|300.558784|37531.393660|249.512534|0.480000|56.594022|0.000200
25.022411|299.116812|37594.816008|250.086571|0.480000|56.746336|0.000200
30.051831|300.513776|37541.284083|249.402971|0.480000|56.828369|0.000200
15.019491|250.574946|28138.749439|225.084652|0.620000|56.748126|0.000200
19.966101|250.634355|28068.039990|224.828686|0.620000|56.655759|0.000200
24.963004|249.892556|28154.734993|225.815613|0.620000|56.878316|0.000200
30.017456|250.056146|28210.943060|225.409791|0.620000|56.596490|0.000200
15.009334|266.575337|30005.136585|224.200516|0.620000|56.689880|0.000200
19.995134|266.826518|29957.326770|224.706554|0.620000|56.794467|0.000200
25.047625|267.032578|29936.621591|224.855109|0.620000|56.762988|0.000200
29.952326|267.188100|30031.966859|224.983456|0.620000|56.656450|0.000200
14.961184|282.841563|31953.637950|224.514535|0.620000|56.553388|0.000200
20.034190|283.817714|31923.011419|225.154669|0.620000|56.727886|0.000200
25.024262|283.792357|31866.865576|225.484064|0.620000|56.463196|0.000200
29.993020|282.688404|31851.850537|225.074231|0.620000|56.569062|0.000200
14.974706|299.939177|33731.850476|224.944365|0.620000|56.892609|0.000200
19.983907|300.607621|33835.226546|224.930031|0.620000|56.498195|0.000200
25.091090|300.191777|33727.739954|225.097866|0.620000|56.730693|0.000200
29.984942|299.222844|33770.159546|224.618881|0.620000|56.490204|0.000200
15.000140|250.044843|29120.972565|233.802571|0.620000|56.600246|0.000200
20.014850|250.406237|29122.968622|233.093674|0.620000|56.778586|0.000200
24.968056|250.238303|29169.614928|233.205384|0.620000|56.698653|0.000200
29.974399|250.061865|29186.535542|233.119866|0.620000|56.764665|0.000200
15.025665|266.047472|31140.629946|233.416047|0.620000|56.925345|0.000200
19.943710|266.710124|31087.313220|232.906490|0.620000|56.729593|0.000200
25.029274|266.487705|31085.923370|232.741260|0.620000|56.676040|0.000200
29.985337|266.730031|31104.651661|233.717258|0.620000|56.610828|0.000200
14.974264|283.352758|33076.899976|233.032209|0.620000|56.731105|0.000200
20.016276|283.464515|33029.158964|233.182622|0.620000|56.624370|0.000200
25.050672|284.092789|32995.143190|233.064535|0.620000|56.663316|0.000200
30.003832|283.504194|33056.810388|232.475138|0.620000|56.866593|0.000200
14.965183|301.015529|35030.895458|233.885466|0.620000|56.641764|0.000200
20.069159|299.887354|34938.103697|233.187155|0.620000|56.572973|0.000200
24.953625|299.670604|34942.556224|233.680316|0.620000|56.684150|0.000200
30.039702|300.178024|34988.788261|233.474944|0.620000|56.990172|0.000200
14.997623|249.764157|30159.679964|242.087579|0.620000|56.768521|0.000200
20.051871|250.140869|30290.896805|240.557998|0.620000|56.737610|0.000200
24.928709|249.713158|30213.019536|241.681298|0.620000|56.733482|0.000200
30.041561|249.707330|30314.367836|241.659777|0.620000|56.624974|0.000200
15.028436|266.717581|32210.480198|241.665201|0.620000|56.532944|0.000200
19.992923|266.965645|32195.902463|242.007861|0.620000|56.498911|0.000200
24.953957|266.652458|32187.503974|241.905764|0.620000|56.602115|0.000200
30.041674|265.912230|32236.308959|241.709496|0.620000|56.828762|0.000200
15.006255|283.635746|34268.830826|241.867680|0.620000|56.549761|0.000200
19.964152|283.308538|34156.722783|241.283827|0.620000|56.779923|0.000200
24.960466|283.366432|34170.368081|241.652373|0.620000|56.661593|0.000200
29.938565|283.545527|34215.657662|241.277136|0.620000|56.638084|0.000200
15.028572|299.349637|36261.200871|241.915572|0.620000|56.813174|0.000200
20.070899|299.619082|36208.810012|241.602670|0.620000|56.560135|0.000200
25.013203|300.300943|36189.212977|241.540731|0.620000|56.894632|0.000200
29.960283|299.382247|36250.977880|241.238714|0.620000|56.557073|0.000200
14.994336|250.456278|31252.165827|249.913292|0.620000|56.626047|0.000200
19.997634|249.649520|31320.419854|249.187495|0.620000|56.758836|0.000200
24.964303|250.050642|31276.099894|249.415669|0.620000|56.692474|0.000200
30.072178|249.987665|31240.087862|249.890682|0.620000|56.865011|0.000200
15.034287|266.031858|33290.463774|250.073344|0.620000|56.716153|0.000200
19.990362|266.814400|33303.860212|250.247125|0.620000|56.804388|0.000200
25.065631|266.894259|33349.145913|249.326343|0.620000|56.770909|0.000200
29.978712|266.379390|33314.258895|250.646424|0.620000|56.497042|0.000200
15.012378|284.199429|35437.839924|250.716942|0.620000|56.627108|0.000200
20.008400|283.620211|35520.333827|250.323527|0.620000|56.513493|0.000200
24.913481|283.442145|35409.126054|250.495038|0.620000|56.539378|0.000200
30.083070|283.875719|35391.272823|250.513293|0.620000|56.532304|0.000200
14.950387|299.248237|37465.204497|250.626770|0.620000|56.652920|0.000200
19.966029|299.248798|37455.340403|249.695672|0.620000|56.623918|0.000200
24.946441|300.072486|37503.411465|249.072617|0.620000|56.834474|0.000200
30.038583|300.482111|37536.150640|249.808326|0.620000|56.701762|0.000200
14.998499|250.465705|28133.521209|225.224119|0.750000|56.856780|0.000200
19.943623|250.120069|28141.164884|225.090606|0.750000|56.632992|0.000200
25.059774|249.876190|28185.269950|224.804758|0.750000|56.624113|0.000200
30.027974|250.068347|28095.131703|225.226189|0.750000|56.754174|0.000200
14.971627|266.881862|29968.683454|224.924833|0.750000|56.605871|0.000200
19.982055|266.380975|29960.543219|224.462096|0.750000|56.593570|0.000200
25.013435|266.054550|30010.043343|225.182673|0.750000|56.755967|0.000200
29.920965|266.264502|29962.614329|225.105445|0.750000|56.761717|0.000200
15.020407|283.112503|31914.359248|225.188414|0.750000|56.794444|0.000200
19.979541|282.926207|31888.819043|225.193410|0.750000|56.678811|0.000200
24.982788|283.437430|31823.775878|224.936293|0.750000|56.716386|0.000200
29.998021|284.113023|31881.434609|225.940394|0.750000|56.663457|0.000200
15.002666|299.905379|33704.268096|225.296140|0.750000|56.654827|0.000200
19.938353|300.491595|33662.016893|224.784932|0.750000|56.715766|0.000200
24.994233|299.704503|33752.820047|225.120711|0.750000|56.758247|0.000200
29.987311|299.850849|33748.803848|225.522809|0.750000|56.734805|0.000200
15.019500|249.949193|29206.222101|233.834818|0.750000|56.591585|0.000200
19.988227|249.706269|29213.588937|233.487885|0.750000|56.868767|0.000200
24.992383|250.111421|29169.087136|233.001568|0.750000|56.637215|0.000200
29.996721|249.659540|29281.515014|233.709603|0.750000|56.684377|0.000200
15.028353|265.470781|31097.582248|233.182048|0.750000|56.715249|0.000200
20.021172|267.184113|31099.460357|233.681180|0.750000|56.758636|0.000200
24.984723|266.400984|31228.608446|233.270275|0.750000|56.646566|0.000200
30.040866|266.435973|31096.724385|233.833316|0.750000|56.559772|0.000200
14.998080|284.254691|33040.529516|233.527360|0.750000|56.719866|0.000200
19.930826|284.253853|33048.433418|233.443869|0.750000|56.616670|0.000200
25.036144|282.586811|33002.227257|234.047120|0.750000|56.810298|0.000200
30.013599|282.933700|33019.839513|232.785628|0.750000|56.553425|0.000200
14.959059|300.028594|35027.370716|234.013593|0.750000|56.691312|0.000200
19.985825|301.007255|35035.209345|233.589450|0.750000|56.636413|0.000200
25.019234|300.120074|34900.345299|232.953957|0.750000|56.779844|0.000200
30.034998|300.014087|35001.376418|233.855697|0.750000|56.624640|0.000200
14.999706|249.453446|30146.325471|242.145262|0.750000|56.578252|0.000200
19.996597|250.100853|30226.218042|241.787355|0.750000|56.640937|0.000200
25.060728|249.423640|30260.972129|241.924334|0.750000|56.577811|0.000200
30.027490|249.920412|30131.413365|241.443523|0.750000|56.700589|0.000200
14.946539|267.103128|32195.643541|242.186186|0.750000|56.708562|0.000200
20.000347|266.874809|32281.491787|242.105600|0.750000|57.010818|0.000200
25.011904|266.709103|32190.465934|241.451867|0.750000|56.625118|0.000200
29.963404|266.627661|32237.146527|241.205359|0.750000|56.630021|0.000200
14.989322|283.426827|34205.379247|241.538722|0.750000|56.807985|0.000200
20.011900|283.485932|34241.467511|241.787137|0.750000|56.599016|0.000200
24.980353|282.893064|34287.531277|241.968747|0.750000|56.788973|0.000200
29.987323|283.332364|34357.766631|241.072697|0.750000|56.593650|0.000200
15.000852|299.987341|36217.050211|240.986059|0.750000|56.786622|0.000200
20.007967|298.903282|36233.838331|241.763285|0.750000|56.773178|0.000200
25.056682|299.859614|36200.619603|240.837503|0.750000|56.661546|0.000200
29.975743|299.489056|36237.141602|241.511677|0.750000|56.737100|0.000200
14.974870|250.227857|31193.134208|249.516696|0.750000|56.656968|0.000200
19.971613|250.021042|31213.459743|250.367181|0.750000|56.650000|0.000200
24.976292|249.730711|31302.050024|250.278854|0.750000|56.652348|0.000200
30.019374|250.122329|31231.241021|249.943242|0.750000|56.530510|0.000200
15.032827|266.649743|33372.884762|250.363176|0.750000|56.676517|0.000200
20.021108|266.591110|33287.473792|249.757946|0.750000|56.643004|0.000200
24.972880|266.042327|33350.645548|249.942768|0.750000|56.491753|0.000200
29.985465|266.779542|33296.137612|249.402252|0.750000|56.610280|0.000200
14.987626|283.576355|35388.918449|249.456176|0.750000|56.493163|0.000200
20.000555|282.700297|35413.973136|249.660987|0.750000|56.557965|0.000200
24.912888|283.413154|35288.504457|248.789150|0.750000|56.652710|0.000200
29.982243|284.263678|35393.939540|249.767687|0.750000|56.729745|0.000200
15.018375|298.891520|37439.574527|250.719084|0.750000|56.746170|0.000200
20.005386|300.250412|37495.176447|250.896122|0.750000|56.648267|0.000200
24.915504|299.862893|37510.929720|249.362521|0.750000|56.719528|0.000200
29.996287|300.094723|37447.863940|249.849165|0.750000|56.689989|0.000200
14.993302|249.965102|28122.947563|224.993860|0.350000|59.769710|0.000200
20.015457|249.807135|28207.890947|224.742345|0.350000|59.974847|0.000200
24.991299|250.681344|28094.151117|225.009212|0.350000|59.900757|0.000200
30.030309|250.315937|28105.489864|224.784280|0.350000|60.111635|0.000200
14.989358|265.827867|29918.085699|224.930698|0.350000|59.914097|0.000200
19.986776|266.863775|29923.148161|225.473656|0.350000|60.008250|0.000200
25.068739|267.303502|30015.830819|225.469558|0.350000|59.925668|0.000200
30.033681|266.632762|30017.370827|224.760071|0.350000|60.021286|0.000200
14.963470|283.885595|31849.327760|225.401499|0.350000|59.973058|0.000200
19.972182|283.646126|31843.946039|224.773817|0.350000|60.092133|0.000200
24.967260|284.098028|31893.274355|224.976762|0.350000|59.868142|0.000200
29.905728|282.347470|31762.991707|225.659176|0.350000|59.884770|0.000200
15.024133|299.971709|33790.796696|224.842404|0.350000|59.960895|0.000200
20.005261|299.829059|33878.956507|224.424298|0.350000|59.821207|0.000200
24.982064|299.674098|33829.803342|224.994777|0.350000|60.151256|0.000200
30.014731|299.909627|33747.731508|225.142084|0.350000|59.811597|0.000200
15.048757|250.184692|29126.514009|233.894059|0.350000|59.965470|0.000200
19.942641|249.973100|29077.216625|233.220550|0.350000|59.784979|0.000200
25.008467|249.951594|29191.414154|233.529369|0.350000|59.767387|0.000200
30.043803|250.458963|29208.344696|234.329084|0.350000|60.123502|0.000200
14.976864|266.830706|31121.342646|233.618633|0.350000|59.828103|0.000200
19.971878|265.869216|31059.554861|233.242425|0.350000|60.164624|0.000200
25.107637|266.534561|31070.931330|234.093585|0.350000|60.042813|0.000200
29.910242|266.710928|31035.687011|233.098079|0.350000|60.047515|0.000200
15.032768|283.563980|33087.381127|233.371633|0.350000|60.101114|0.000200
20.061915|284.050448|33022.911196|232.621735|0.350000|60.160755|0.000200
24.955663|283.444496|33120.889823|233.281386|0.350000|60.084685|0.000200
29.998381|283.341240|33120.494141|233.175131|0.350000|60.050039|0.000200
14.928762|299.306964|35078.729106|233.475780|0.350000|60.054910|0.000200
20.063577|301.196522|35037.722350|233.258808|0.350000|59.880283|0.000200
24.943265|299.047436|35012.282507|233.301488|0.350000|59.933469|0.000200
29.974301|299.755193|34832.205838|233.033410|0.350000|59.870772|0.000200
15.046661|250.151820|30196.491324|241.488016|0.350000|59.930897|0.000200
19.981347|249.490828|30280.475357|240.958695|0.350000|59.937825|0.000200
24.999505|250.359787|30185.576272|242.073312|0.350000|59.904026|0.000200
29.999619|249.984766|30291.930302|241.393816|0.350000|60.047648|0.000200
15.006630|266.307210|32278.979940|241.085121|0.350000|59.948649|0.000200
20.035119|267.178809|32196.478210|241.596872|0.350000|60.195405|0.000200
25.031475|266.165363|32200.904296|241.420054|0.350000|59.987016|0.000200
30.001997|266.525959|32159.952690|241.317757|0.350000|59.946701|0.000200
14.999434|283.441552|34204.082933|241.538330|0.350000|60.069407|0.000200
20.000966|283.997364|34313.114314|241.991240|0.350000|60.077679|0.000200
24.983303|283.041642|34165.639852|241.336458|0.350000|59.975307|0.000200
29.971940|283.415641|34143.008082|241.717281|0.350000|60.161287|0.000200
14.991617|300.206618|36235.664550|241.582615|0.350000|59.993574|0.000200
20.019207|299.879708|36068.051885|241.717942|0.350000|59.948244|0.000200
25.000628|300.211464|36224.681214|241.473172|0.350000|60.016675|0.000200
29.963282|299.094038|36310.845241|241.790518|0.350000|59.994082|0.000200
15.008190|250.507915|31274.499806|249.342222|0.350000|60.132292|0.000200
20.003404|249.994601|31216.135015|250.054081|0.350000|59.970447|0.000200
24.981512|250.481103|31200.860679|249.487269|0.350000|60.010193|0.000200
29.992299|249.836633|31279.818125|249.527562|0.350000|59.788953|0.000200
15.005352|267.243814|33433.445948|249.844717|0.350000|59.826431|0.000200
19.974096|266.826006|33316.094362|250.363428|0.350000|59.876573|0.000200
25.008693|266.484944|33351.432593|249.656053|0.350000|60.113603|0.000200
29.936089|267.251346|33280.558768|249.567792|0.350000|60.039113|0.000200
14.935043|283.101788|35408.482583|251.160167|0.350000|59.857685|0.000200
19.987404|282.900512|35422.173725|249.690657|0.350000|59.962973|0.000200
25.039433|283.923331|35369.620957|251.257624|0.350000|59.858185|0.000200
29.948427|284.046279|35437.968684|249.830521|0.350000|59.889273|0.000200
15.012118|300.309523|37534.170713|249.373286|0.350000|60.183847|0.000200
20.001951|299.319390|37503.989788|249.170329|0.350000|59.882700|0.000200
24.996171|298.942402|37550.027620|250.023923|0.350000|60.104208|0.000200
29.935279|299.763282|37452.425281|250.422500|0.350000|60.002308|0.000200
15.012211|249.591964|28124.731276|225.043601|0.480000|60.121379|0.000200
19.961390|250.767144|28098.135597|225.301943|0.480000|60.032349|0.000200
25.020219|249.617322|28210.506089|225.920396|0.480000|59.837102|0.000200
29.991495|250.067786|28148.148067|224.709099|0.480000|60.230829|0.000200
14.996003|267.098539|30048.953394|224.926558|0.480000|60.189416|0.000200
20.013400|266.187992|30029.599306|225.235641|0.480000|59.955815|0.000200
24.959702|266.711979|30031.547436|225.273408|0.480000|59.901248|0.000200
29.970496|266.815957|30010.487728|225.380244|0.480000|60.067660|0.000200
14.960233|283.796122|31912.507803|224.232708|0.480000|59.938989|0.000200
19.979680|282.577155|31891.722661|225.265259|0.480000|59.830118|0.000200
24.972225|283.285250|31862.067654|223.941003|0.480000|59.884567|0.000200
30.003578|282.555442|31865.735086|224.534832|0.480000|59.941502|0.000200
15.038934|300.323567|33820.173067|224.752532|0.480000|60.021778|0.000200
19.982693|300.800256|33782.444249|225.284749|0.480000|60.047607|0.000200
24.992193|300.104302|33749.275906|225.221049|0.480000|59.917100|0.000200
30.088975|300.850207|33758.153936|224.894504|0.480000|60.035389|0.000200
14.989547|250.300810|29166.827808|232.888359|0.480000|59.973441|0.000200
19.972810|249.688658|29118.655770|232.694659|0.480000|59.969400|0.000200
24.993313|249.987967|29176.162567|233.042753|0.480000|59.931893|0.000200
30.066518|250.031729|29097.399816|233.574364|0.480000|60.022342|0.000200
15.061237|266.538604|31124.125265|233.756736|0.480000|59.958912|0.000200
20.015673|266.954469|31078.281084|233.472053|0.480000|59.852796|0.000200
24.998888|266.665786|31021.299669|233.458836|0.480000|59.974112|0.000200
29.991666|267.510140|31146.586976|233.237009|0.480000|60.000568|0.000200
14.996291|283.835575|33047.212503|233.240565|0.480000|59.915711|0.000200
19.973333|282.655112|33016.710312|233.355802|0.480000|59.910712|0.000200
24.882306|283.191785|33042.610447|233.568210|0.480000|59.808812|0.000200
29.982975|283.843513|33087.989319|233.387388|0.480000|59.911421|0.000200
14.997388|300.091531|34972.611003|232.638953|0.480000|59.918848|0.000200
20.033791|300.290041|34979.236881|232.901141|0.480000|60.032130|0.000200
25.062640|299.550655|34959.309291|233.843996|0.480000|60.049212|0.000200
30.017755|299.600431|34967.363352|233.652885|0.480000|59.981908|0.000200
14.983395|249.971045|30100.334795|241.240166|0.480000|59.990516|0.000200
20.016826|250.350605|30225.641721|242.182072|0.480000|59.902714|0.000200
25.052199|249.847616|30163.409172|242.537253|0.480000|59.897614|0.000200
30.089287|250.213871|30185.264417|241.595379|0.480000|59.743150|0.000200
15.022538|266.693943|32281.367079|240.791499|0.480000|60.060727|0.000200
19.959979|266.097370|32245.255657|241.639273|0.480000|60.073087|0.000200
24.992740|267.283840|32234.669046|241.916656|0.480000|60.084899|0.000200
30.069780|267.429296|32212.130051|242.010434|0.480000|60.049900|0.000200
15.000555|283.550598|34178.316396|241.560021|0.480000|60.023648|0.000200
19.983128|283.672867|34249.422042|241.945020|0.480000|60.072718|0.000200
25.066064|283.143986|34199.858423|241.565774|0.480000|60.363131|0.000200
29.984430|282.720971|34296.113432|240.906167|0.480000|59.819557|0.000200
14.997534|300.550800|36346.371088|241.701390|0.480000|59.788186|0.000200
20.010895|301.198378|36192.631954|242.123095|0.480000|59.785025|0.000200
25.012407|300.325188|36273.730924|242.626646|0.480000|60.087342|0.000200
29.998161|300.012368|36174.592549|241.550924|0.480000|60.009999|0.000200
15.046084|249.880805|31346.300126|249.635391|0.480000|60.019326|0.000200
19.968965|249.807133|31323.962616|250.410928|0.480000|59.919932|0.000200
24.962504|250.006172|31248.870814|249.916389|0.480000|60.052044|0.000200
29.989705|250.369719|31245.789301|250.139897|0.480000|59.974358|0.000200
14.993702|266.856644|33330.082864|250.281060|0.480000|59.863867|0.000200
20.072302|267.238142|33273.114337|249.633251|0.480000|60.005367|0.000200
25.046415|267.168984|33421.525770|250.531658|0.480000|59.913275|0.000200
30.063974|266.670194|33343.584501|249.622738|0.480000|60.052033|0.000200
15.020787|283.705927|35509.438788|249.878386|0.480000|60.120811|0.000200
20.037658|283.146359|35562.024179|250.892860|0.480000|60.016444|0.000200
25.015500|283.772724|35508.353706|249.101943|0.480000|60.117909|0.000200
30.001045|282.656567|35357.699262|249.874789|0.480000|60.023108|0.000200
14.988608|300.930352|37548.434188|249.963402|0.480000|59.983138|0.000200
19.970822|299.871655|37448.184756|250.301965|0.480000|60.107104|0.000200
25.067475|300.423622|37474.337686|249.639552|0.480000|60.015881|0.000200
29.921008|300.687017|37483.425921|249.765947|0.480000|59.866548|0.000200
15.008218|249.989478|28093.829274|224.178271|0.620000|60.109675|0.000200
19.965641|249.774685|28105.178214|224.882633|0.620000|60.050012|0.000200
25.025453|249.856257|28115.396354|224.662305|0.620000|59.951595|0.000200
30.045100|249.689876|28180.009966|224.472584|0.620000|59.987298|0.000200
14.979908|266.720698|30001.396815|224.064294|0.620000|60.192720|0.000200
20.097107|266.988159|30065.822133|224.796572|0.620000|60.060652|0.000200
24.898658|267.139651|30039.961612|225.434440|0.620000|60.053183|0.000200
29.961028|266.886412|29993.402243|224.955345|0.620000|60.072240|0.000200
14.983297|282.502576|31807.259363|224.874244|0.620000|60.097666|0.000200
19.963519|283.878398|31922.341658|224.549125|0.620000|60.058123|0.000200
24.937134|283.499135|31802.942671|225.479319|0.620000|59.935187|0.000200
30.071235|283.174129|31906.397321|225.547044|0.620000|60.104295|0.000200
15.035077|300.411166|33823.998065|224.591531|0.620000|60.044028|0.000200
19.998841|300.299496|33764.518391|224.960585|0.620000|59.988312|0.000200
24.986271|300.885779|33742.673899|224.952186|0.620000|60.028949|0.000200
30.007736|299.718006|33781.468313|224.936094|0.620000|59.969271|0.000200
15.026417|248.814178|29212.014732|232.905970|0.620000|59.990542|0.000200
20.071968|249.485996|29168.067278|233.446283|0.620000|60.205344|0.000200
25.007574|249.955290|29224.867109|233.177648|0.620000|60.131105|0.000200
29.987899|250.680114|29081.422719|234.403088|0.620000|59.885901|0.000200
15.015119|266.383238|31129.974148|233.435123|0.620000|60.024194|0.000200
20.036129|266.765545|31090.785683|233.370439|0.620000|59.905310|0.000200
24.984510|267.331314|31145.596845|233.260871|0.620000|59.842116|0.000200
29.951521|266.781871|31190.288991|233.357297|0.620000|59.955480|0.000200
15.018767|283.821468|33010.606257|233.052315|0.620000|60.023156|0.000200
19.993141|283.292860|33022.246909|233.465211|0.620000|60.010761|0.000200
25.028832|282.832135|33075.359405|233.522822|0.620000|59.978877|0.000200
30.074883|283.982934|33097.554151|232.874964|0.620000|59.776792|0.000200
14.984035|299.914592|35033.590044|232.689031|0.620000|59.970896|0.000200
20.061192|299.965686|35020.782852|232.654108|0.620000|60.010820|0.000200
24.934708|299.990527|34929.054863|233.287250|0.620000|60.031061|0.000200
30.031314|299.524396|35081.597875|233.223676|0.620000|59.951604|0.000200
15.017339|250.779458|30182.920464|241.799853|0.620000|59.876033|0.000200
19.901594|249.992044|30170.062563|241.775594|0.620000|59.877278|0.000200
24.975817|250.533119|30163.773008|242.162549|0.620000|60.019942|0.000200
30.001812|249.594189|30282.553942|241.620284|0.620000|59.951366|0.000200
14.985358|266.291753|32327.288811|241.046725|0.620000|60.119888|0.000200
19.961453|266.063958|32223.130500|242.046338|0.620000|60.005426|0.000200
25.021664|266.069504|32199.494866|242.065344|0.620000|60.040068|0.000200
29.968052|265.902289|32271.445046|241.997151|0.620000|59.987397|0.000200
14.982115|283.188205|34255.416117|241.520677|0.620000|59.949388|0.000200
19.959326|282.927481|34187.517956|242.000707|0.620000|59.811926|0.000200
24.968002|283.988234|34205.687410|241.945095|0.620000|60.167822|0.000200
29.953979|283.379057|34158.312703|241.052811|0.620000|60.020716|0.000200
15.014788|299.377975|36166.526256|240.887445|0.620000|59.887924|0.000200
20.022492|300.044672|36270.986300|241.574840|0.620000|60.042187|0.000200
24.979848|299.528640|36257.078854|241.344332|0.620000|59.989398|0.000200
30.020893|300.360560|36281.271426|241.412544|0.620000|59.819796|0.000200
14.998689|250.183682|31349.919909|250.377801|0.620000|59.928931|0.000200
20.002075|250.775740|31286.129109|250.345847|0.620000|60.029700|0.000200
24.931943|249.849669|31304.042855|249.313527|0.620000|59.975274|0.000200
29.958597|249.844015|31231.440152|249.950794|0.620000|60.054135|0.000200
14.994954|266.562591|33287.767912|250.097180|0.620000|59.879769|0.000200
20.014671|266.777400|33300.558466|250.064819|0.620000|59.935319|0.000200
25.082168|266.412810|33311.163384|249.666105|0.620000|59.985711|0.000200
29.976871|266.630587|33279.517518|250.174696|0.620000|59.857062|0.000200
15.013294|283.396233|35360.754618|250.229256|0.620000|60.016443|0.000200
20.023371|284.009695|35423.899252|250.450538|0.620000|59.976479|0.000200
25.093768|283.519341|35336.454825|250.365229|0.620000|59.960029|0.000200
29.994000|283.651002|35305.929613|249.916541|0.620000|60.186569|0.000200
15.007637|299.972157|37471.002931|250.128248|0.620000|59.881313|0.000200
19.995735|299.096119|37528.270963|250.086740|0.620000|60.374639|0.000200
25.010943|300.236545|37529.563516|250.175615|0.620000|59.863905|0.000200
29.950399|299.259839|37577.237228|250.415285|0.620000|60.202587|0.000200
14.988723|250.112692|28106.605897|225.062079|0.750000|60.087115|0.000200
20.002638|250.438826|28142.201999|224.866730|0.750000|60.188748|0.000200
24.984198|250.415743|28075.682771|225.028034|0.750000|60.037766|0.000200
29.949280|250.355200|28125.108108|224.727243|0.750000|60.060776|0.000200
14.982724|266.776002|29972.559032|225.464383|0.750000|59.902558|0.000200
20.023156|266.348602|29934.732221|224.790612|0.750000|59.932944|0.000200
25.042323|265.940983|29976.917891|225.125952|0.750000|59.918108|0.000200
30.017457|266.548283|29948.121551|224.884649|0.750000|59.992993|0.000200
14.993493|283.348242|31909.244150|225.175680|0.750000|60.152504|0.000200
20.036876|282.434339|31826.356497|224.940808|0.750000|60.100273|0.000200
25.016389|283.474609|31949.584890|225.564242|0.750000|59.936710|0.000200
29.899632|283.960420|31802.521664|224.530175|0.750000|59.976199|0.000200
15.038665|299.958519|33700.834696|224.531706|0.750000|60.043515|0.000200
19.963289|299.994801|33740.252664|225.102191|0.750000|60.027737|0.000200
24.905212|299.383595|33739.791498|225.491665|0.750000|60.026987|0.000200
30.067113|299.480117|33723.312641|224.485078|0.750000|59.886882|0.000200
15.036985|250.212087|29171.346034|233.422993|0.750000|60.026883|0.000200
20.006187|250.052518|29186.129609|233.705359|0.750000|59.825227|0.000200
24.984184|250.360223|29177.123971|233.179625|0.750000|60.129732|0.000200
29.951346|250.169810|29154.073283|233.264014|0.750000|59.921190|0.000200
15.003193|267.437951|31017.302474|232.726665|0.750000|59.981566|0.000200
19.993560|266.690852|31203.325084|233.571544|0.750000|60.184007|0.000200
24.950149|267.119905|31079.794079|233.102746|0.750000|59.851878|0.000200
29.992903|265.893961|31094.873133|232.973542|0.750000|59.995925|0.000200
15.018052|282.377343|33057.167915|233.057000|0.750000|59.975187|0.000200
19.971802|282.365151|32964.888029|233.803740|0.750000|60.015539|0.000200
25.054287|283.501419|33095.888264|233.502021|0.750000|60.009601|0.000200
30.099278|283.264880|33038.469188|233.523792|0.750000|59.932991|0.000200
14.970710|299.702942|34915.192145|233.240357|0.750000|59.928385|0.000200
19.955062|300.064640|34945.038239|233.367545|0.750000|60.002219|0.000200
24.966560|299.765149|35020.974060|233.148312|0.750000|59.915397|0.000200
29.951869|299.957169|35042.668594|233.452578|0.750000|60.039993|0.000200
15.005671|250.150691|30195.731970|241.323237|0.750000|59.951487|0.000200
20.012959|250.155295|30183.157369|242.264702|0.750000|59.934515|0.000200
24.961407|249.791702|30230.944646|241.523858|0.750000|60.036718|0.000200
30.079813|249.364746|30190.954829|241.204224|0.750000|60.018697|0.000200
14.997735|267.334058|32328.213046|241.558770|0.750000|59.990856|0.000200
20.060907|266.256277|32284.033360|241.747255|0.750000|60.097355|0.000200
24.938108|266.903545|32361.764384|241.070859|0.750000|59.962270|0.000200
29.900563|266.780502|32321.652064|241.792586|0.750000|59.848579|0.000200
14.991831|284.777437|34158.211763|241.558706|0.750000|59.985350|0.000200
20.020618|283.317051|34209.941287|241.937633|0.750000|60.028113|0.000200
24.965269|283.843584|34288.957626|242.123334|0.750000|59.995865|0.000200
29.945767|282.913114|34382.426053|241.071555|0.750000|60.090464|0.000200
14.993667|300.876862|36182.735821|241.852498|0.750000|60.156115|0.000200
19.986611|300.070072|36174.421876|241.404811|0.750000|60.045449|0.000200
24.985525|299.398293|36310.925725|241.326703|0.750000|59.947863|0.000200
30.005146|299.820674|36312.729036|241.662653|0.750000|60.063795|0.000200
14.972034|249.791564|31283.641089|249.783270|0.750000|59.985357|0.000200
20.042749|249.909630|31196.973372|249.336267|0.750000|59.954890|0.000200
25.010620|250.567800|31200.484944|249.139853|0.750000|60.014734|0.000200
29.960298|250.515141|31269.053112|250.573572|0.750000|59.990303|0.000200
14.995849|267.282478|33379.714328|250.094064|0.750000|60.107821|0.000200
19.975225|267.479295|33374.125394|250.002636|0.750000|60.150931|0.000200
25.013199|267.215717|33371.567659|249.410844|0.750000|59.991169|0.000200
29.962692|267.279972|33322.348948|249.799354|0.750000|59.979246|0.000200
15.000545|282.589333|35482.682744|249.106218|0.750000|60.058489|0.000200
20.041658|283.370758|35443.807594|250.390563|0.750000|59.801915|0.000200
25.075889|283.388972|35425.829971|249.945532|0.750000|60.075466|0.000200
30.013550|283.609547|35435.126925|250.622506|0.750000|59.951288|0.000200
14.940875|300.471482|37624.390905|249.933852|0.750000|60.113646|0.000200
20.017488|299.281529|37421.486003|249.810044|0.750000|59.847230|0.000200
25.003154|300.393916|37530.311072|249.888787|0.750000|59.989505|0.000200
29.886226|300.447442|37506.455822|249.454702|0.750000|59.977629|0.000200
22.452747|275.009654|32699.054330|237.500159|0.550000|54.807133|0.000200
