15|250|225|0.35|50
20|250|225|0.35|50
25|250|225|0.35|50
30|250|225|0.35|50
15|266.67|225|0.35|50
20|266.67|225|0.35|50
25|266.67|225|0.35|50
30|266.67|225|0.35|50
15|283.33|225|0.35|50
20|283.33|225|0.35|50
25|283.33|225|0.35|50
30|283.33|225|0.35|50
15|300|225|0.35|50
20|300|225|0.35|50
25|300|225|0.35|50
30|300|225|0.35|50
15|250|233.33|0.35|50
20|250|233.33|0.35|50
25|250|233.33|0.35|50
30|250|233.33|0.35|50
15|266.67|233.33|0.35|50
20|266.67|233.33|0.35|50
25|266.67|233.33|0.35|50
30|266.67|233.33|0.35|50
15|283.33|233.33|0.35|50
20|283.33|233.33|0.35|50
25|283.33|233.33|0.35|50
30|283.33|233.33|0.35|50
15|300|233.33|0.35|50
20|300|233.33|0.35|50
25|300|233.33|0.35|50
30|300|233.33|0.35|50
15|250|241.67|0.35|50
20|250|241.67|0.35|50
25|250|241.67|0.35|50
30|250|241.67|0.35|50
15|266.67|241.67|0.35|50
20|266.67|241.67|0.35|50
25|266.67|241.67|0.35|50
30|266.67|241.67|0.35|50
15|283.33|241.67|0.35|50
20|283.33|241.67|0.35|50
25|283.33|241.67|0.35|50
30|283.33|241.67|0.35|50
15|300|241.67|0.35|50
20|300|241.67|0.35|50
25|300|241.67|0.35|50
30|300|241.67|0.35|50
15|250|250|0.35|50
20|250|250|0.35|50
25|250|250|0.35|50
30|250|250|0.35|50
15|266.67|250|0.35|50
20|266.67|250|0.35|50
25|266.67|250|0.35|50
30|266.67|250|0.35|50
15|283.33|250|0.35|50
20|283.33|250|0.35|50
25|283.33|250|0.35|50
30|283.33|250|0.35|50
15|300|250|0.35|50
20|300|250|0.35|50
25|300|250|0.35|50
30|300|250|0.35|50
15|250|225|0.48|50
20|250|225|0.48|50
25|250|225|0.48|50
30|250|225|0.48|50
15|266.67|225|0.48|50
20|266.67|225|0.48|50
25|266.67|225|0.48|50
30|266.67|225|0.48|50
15|283.33|225|0.48|50
20|283.33|225|0.48|50
25|283.33|225|0.48|50
30|283.33|225|0.48|50
15|300|225|0.48|50
20|300|225|0.48|50
25|300|225|0.48|50
30|300|225|0.48|50
15|250|233.33|0.48|50
20|250|233.33|0.48|50
25|250|233.33|0.48|50
30|250|233.33|0.48|50
15|266.67|233.33|0.48|50
20|266.67|233.33|0.48|50
25|266.67|233.33|0.48|50
30|266.67|233.33|0.48|50
15|283.33|233.33|0.48|50
20|283.33|233.33|0.48|50
25|283.33|233.33|0.48|50
30|283.33|233.33|0.48|50
15|300|233.33|0.48|50
20|300|233.33|0.48|50
25|300|233.33|0.48|50
30|300|233.33|0.48|50
15|250|241.67|0.48|50
20|250|241.67|0.48|50
25|250|241.67|0.48|50
30|250|241.67|0.48|50
15|266.67|241.67|0.48|50
20|266.67|241.67|0.48|50
25|266.67|241.67|0.48|50
30|266.67|241.67|0.48|50
15|283.33|241.67|0.48|50
20|283.33|241.67|0.48|50
25|283.33|241.67|0.48|50
30|283.33|241.67|0.48|50
15|300|241.67|0.48|50
20|300|241.67|0.48|50
25|300|241.67|0.48|50
30|300|241.67|0.48|50
15|250|250|0.48|50
20|250|250|0.48|50
25|250|250|0.48|50
30|250|250|0.48|50
15|266.67|250|0.48|50
20|266.67|250|0.48|50
25|266.67|250|0.48|50
30|266.67|250|0.48|50
15|283.33|250|0.48|50
20|283.33|250|0.48|50
25|283.33|250|0.48|50
30|283.33|250|0.48|50
15|300|250|0.48|50
20|300|250|0.48|50
25|300|250|0.48|50
30|300|250|0.48|50
15|250|225|0.62|50
20|250|225|0.62|50
25|250|225|0.62|50
30|250|225|0.62|50
15|266.67|225|0.62|50
20|266.67|225|0.62|50
25|266.67|225|0.62|50
30|266.67|225|0.62|50
15|283.33|225|0.62|50
20|283.33|225|0.62|50
25|283.33|225|0.62|50
30|283.33|225|0.62|50
15|300|225|0.62|50
20|300|225|0.62|50
25|300|225|0.62|50
30|300|225|0.62|50
15|250|233.33|0.62|50
20|250|233.33|0.62|50
25|250|233.33|0.62|50
30|250|233.33|0.62|50
15|266.67|233.33|0.62|50
20|266.67|233.33|0.62|50
25|266.67|233.33|0.62|50
30|266.67|233.33|0.62|50
15|283.33|233.33|0.62|50
20|283.33|233.33|0.62|50
25|283.33|233.33|0.62|50
30|283.33|233.33|0.62|50
15|300|233.33|0.62|50
20|300|233.33|0.62|50
25|300|233.33|0.62|50
30|300|233.33|0.62|50
15|250|241.67|0.62|50
20|250|241.67|0.62|50
25|250|241.67|0.62|50
30|250|241.67|0.62|50
15|266.67|241.67|0.62|50
20|266.67|241.67|0.62|50
25|266.67|241.67|0.62|50
30|266.67|241.67|0.62|50
15|283.33|241.67|0.62|50
20|283.33|241.67|0.62|50
25|283.33|241.67|0.62|50
30|283.33|241.67|0.62|50
15|300|241.67|0.62|50
20|300|241.67|0.62|50
25|300|241.67|0.62|50
30|300|241.67|0.62|50
15|250|250|0.62|50
20|250|250|0.62|50
25|250|250|0.62|50
30|250|250|0.62|50
15|266.67|250|0.62|50
20|266.67|250|0.62|50
25|266.67|250|0.62|50
30|266.67|250|0.62|50
15|283.33|250|0.62|50
20|283.33|250|0.62|50
25|283.33|250|0.62|50
30|283.33|250|0.62|50
15|300|250|0.62|50
20|300|250|0.62|50
25|300|250|0.62|50
30|300|250|0.62|50
15|250|225|0.75|50
20|250|225|0.75|50
25|250|225|0.75|50
30|250|225|0.75|50
15|266.67|225|0.75|50
20|266.67|225|0.75|50
25|266.67|225|0.75|50
30|266.67|225|0.75|50
15|283.33|225|0.75|50
20|283.33|225|0.75|50
25|283.33|225|0.75|50
30|283.33|225|0.75|50
15|300|225|0.75|50
20|300|225|0.75|50
25|300|225|0.75|50
30|300|225|0.75|50
15|250|233.33|0.75|50
20|250|233.33|0.75|50
25|250|233.33|0.75|50
30|250|233.33|0.75|50
15|266.67|233.33|0.75|50
20|266.67|233.33|0.75|50
25|266.67|233.33|0.75|50
30|266.67|233.33|0.75|50
15|283.33|233.33|0.75|50
20|283.33|233.33|0.75|50
25|283.33|233.33|0.75|50
30|283.33|233.33|0.75|50
15|300|233.33|0.75|50
20|300|233.33|0.75|50
25|300|233.33|0.75|50
30|300|233.33|0.75|50
15|250|241.67|0.75|50
20|250|241.67|0.75|50
25|250|241.67|0.75|50
30|250|241.67|0.75|50
15|266.67|241.67|0.75|50
20|266.67|241.67|0.75|50
25|266.67|241.67|0.75|50
30|266.67|241.67|0.75|50
15|283.33|241.67|0.75|50
20|283.33|241.67|0.75|50
25|283.33|241.67|0.75|50
30|283.33|241.67|0.75|50
15|300|241.67|0.75|50
20|300|241.67|0.75|50
25|300|241.67|0.75|50
30|300|241.67|0.75|50
15|250|250|0.75|50
20|250|250|0.75|50
25|250|250|0.75|50
30|250|250|0.75|50
15|266.67|250|0.75|50
20|266.67|250|0.75|50
25|266.67|250|0.75|50
30|266.67|250|0.75|50
15|283.33|250|0.75|50
20|283.33|250|0.75|50
25|283.33|250|0.75|50
30|283.33|250|0.75|50
15|300|250|0.75|50
20|300|250|0.75|50
25|300|250|0.75|50
30|300|250|0.75|50
15|250|225|0.35|53.33
20|250|225|0.35|53.33
25|250|225|0.35|53.33
30|250|225|0.35|53.33
15|266.67|225|0.35|53.33
20|266.67|225|0.35|53.33
25|266.67|225|0.35|53.33
30|266.67|225|0.35|53.33
15|283.33|225|0.35|53.33
20|283.33|225|0.35|53.33
25|283.33|225|0.35|53.33
30|283.33|225|0.35|53.33
15|300|225|0.35|53.33
20|300|225|0.35|53.33
25|300|225|0.35|53.33
30|300|225|0.35|53.33
15|250|233.33|0.35|53.33
20|250|233.33|0.35|53.33
25|250|233.33|0.35|53.33
30|250|233.33|0.35|53.33
15|266.67|233.33|0.35|53.33
20|266.67|233.33|0.35|53.33
25|266.67|233.33|0.35|53.33
30|266.67|233.33|0.35|53.33
15|283.33|233.33|0.35|53.33
20|283.33|233.33|0.35|53.33
25|283.33|233.33|0.35|53.33
30|283.33|233.33|0.35|53.33
15|300|233.33|0.35|53.33
20|300|233.33|0.35|53.33
25|300|233.33|0.35|53.33
30|300|233.33|0.35|53.33
15|250|241.67|0.35|53.33
20|250|241.67|0.35|53.33
25|250|241.67|0.35|53.33
30|250|241.67|0.35|53.33
15|266.67|241.67|0.35|53.33
20|266.67|241.67|0.35|53.33
25|266.67|241.67|0.35|53.33
30|266.67|241.67|0.35|53.33
15|283.33|241.67|0.35|53.33
20|283.33|241.67|0.35|53.33
25|283.33|241.67|0.35|53.33
30|283.33|241.67|0.35|53.33
15|300|241.67|0.35|53.33
20|300|241.67|0.35|53.33
25|300|241.67|0.35|53.33
30|300|241.67|0.35|53.33
15|250|250|0.35|53.33
20|250|250|0.35|53.33
25|250|250|0.35|53.33
30|250|250|0.35|53.33
15|266.67|250|0.35|53.33
20|266.67|250|0.35|53.33
25|266.67|250|0.35|53.33
30|266.67|250|0.35|53.33
15|283.33|250|0.35|53.33
20|283.33|250|0.35|53.33
25|283.33|250|0.35|53.33
30|283.33|250|0.35|53.33
15|300|250|0.35|53.33
20|300|250|0.35|53.33
25|300|250|0.35|53.33
30|300|250|0.35|53.33
15|250|225|0.48|53.33
20|250|225|0.48|53.33
25|250|225|0.48|53.33
30|250|225|0.48|53.33
15|266.67|225|0.48|53.33
20|266.67|225|0.48|53.33
25|266.67|225|0.48|53.33
30|266.67|225|0.48|53.33
15|283.33|225|0.48|53.33
20|283.33|225|0.48|53.33
25|283.33|225|0.48|53.33
30|283.33|225|0.48|53.33
15|300|225|0.48|53.33
20|300|225|0.48|53.33
25|300|225|0.48|53.33
30|300|225|0.48|53.33
15|250|233.33|0.48|53.33
20|250|233.33|0.48|53.33
25|250|233.33|0.48|53.33
30|250|233.33|0.48|53.33
15|266.67|233.33|0.48|53.33
20|266.67|233.33|0.48|53.33
25|266.67|233.33|0.48|53.33
30|266.67|233.33|0.48|53.33
15|283.33|233.33|0.48|53.33
20|283.33|233.33|0.48|53.33
25|283.33|233.33|0.48|53.33
30|283.33|233.33|0.48|53.33
15|300|233.33|0.48|53.33
20|300|233.33|0.48|53.33
25|300|233.33|0.48|53.33
30|300|233.33|0.48|53.33
15|250|241.67|0.48|53.33
20|250|241.67|0.48|53.33
25|250|241.67|0.48|53.33
30|250|241.67|0.48|53.33
15|266.67|241.67|0.48|53.33
20|266.67|241.67|0.48|53.33
25|266.67|241.67|0.48|53.33
30|266.67|241.67|0.48|53.33
15|283.33|241.67|0.48|53.33
20|283.33|241.67|0.48|53.33
25|283.33|241.67|0.48|53.33
30|283.33|241.67|0.48|53.33
15|300|241.67|0.48|53.33
20|300|241.67|0.48|53.33
25|300|241.67|0.48|53.33
30|300|241.67|0.48|53.33
15|250|250|0.48|53.33
20|250|250|0.48|53.33
25|250|250|0.48|53.33
30|250|250|0.48|53.33
15|266.67|250|0.48|53.33
20|266.67|250|0.48|53.33
25|266.67|250|0.48|53.33
30|266.67|250|0.48|53.33
15|283.33|250|0.48|53.33
20|283.33|250|0.48|53.33
25|283.33|250|0.48|53.33
30|283.33|250|0.48|53.33
15|300|250|0.48|53.33
20|300|250|0.48|53.33
25|300|250|0.48|53.33
30|300|250|0.48|53.33
15|250|225|0.62|53.33
20|250|225|0.62|53.33
25|250|225|0.62|53.33
30|250|225|0.62|53.33
15|266.67|225|0.62|53.33
20|266.67|225|0.62|53.33
25|266.67|225|0.62|53.33
30|266.67|225|0.62|53.33
15|283.33|225|0.62|53.33
20|283.33|225|0.62|53.33
25|283.33|225|0.62|53.33
30|283.33|225|0.62|53.33
15|300|225|0.62|53.33
20|300|225|0.62|53.33
25|300|225|0.62|53.33
30|300|225|0.62|53.33
15|250|233.33|0.62|53.33
20|250|233.33|0.62|53.33
25|250|233.33|0.62|53.33
30|250|233.33|0.62|53.33
15|266.67|233.33|0.62|53.33
20|266.67|233.33|0.62|53.33
25|266.67|233.33|0.62|53.33
30|266.67|233.33|0.62|53.33
15|283.33|233.33|0.62|53.33
20|283.33|233.33|0.62|53.33
25|283.33|233.33|0.62|53.33
30|283.33|233.33|0.62|53.33
15|300|233.33|0.62|53.33
20|300|233.33|0.62|53.33
25|300|233.33|0.62|53.33
30|300|233.33|0.62|53.33
15|250|241.67|0.62|53.33
20|250|241.67|0.62|53.33
25|250|241.67|0.62|53.33
30|250|241.67|0.62|53.33
15|266.67|241.67|0.62|53.33
20|266.67|241.67|0.62|53.33
25|266.67|241.67|0.62|53.33
30|266.67|241.67|0.62|53.33
15|283.33|241.67|0.62|53.33
20|283.33|241.67|0.62|53.33
25|283.33|241.67|0.62|53.33
30|283.33|241.67|0.62|53.33
15|300|241.67|0.62|53.33
20|300|241.67|0.62|53.33
25|300|241.67|0.62|53.33
30|300|241.67|0.62|53.33
15|250|250|0.62|53.33
20|250|250|0.62|53.33
25|250|250|0.62|53.33
30|250|250|0.62|53.33
15|266.67|250|0.62|53.33
20|266.67|250|0.62|53.33
25|266.67|250|0.62|53.33
30|266.67|250|0.62|53.33
15|283.33|250|0.62|53.33
20|283.33|250|0.62|53.33
25|283.33|250|0.62|53.33
30|283.33|250|0.62|53.33
15|300|250|0.62|53.33
20|300|250|0.62|53.33
25|300|250|0.62|53.33
30|300|250|0.62|53.33
15|250|225|0.75|53.33
20|250|225|0.75|53.33
25|250|225|0.75|53.33
30|250|225|0.75|53.33
15|266.67|225|0.75|53.33
20|266.67|225|0.75|53.33
25|266.67|225|0.75|53.33
30|266.67|225|0.75|53.33
15|283.33|225|0.75|53.33
20|283.33|225|0.75|53.33
25|283.33|225|0.75|53.33
30|283.33|225|0.75|53.33
15|300|225|0.75|53.33
20|300|225|0.75|53.33
25|300|225|0.75|53.33
30|300|225|0.75|53.33
15|250|233.33|0.75|53.33
20|250|233.33|0.75|53.33
25|250|233.33|0.75|53.33
30|250|233.33|0.75|53.33
15|266.67|233.33|0.75|53.33
20|266.67|233.33|0.75|53.33
25|266.67|233.33|0.75|53.33
30|266.67|233.33|0.75|53.33
15|283.33|233.33|0.75|53.33
20|283.33|233.33|0.75|53.33
25|283.33|233.33|0.75|53.33
30|283.33|233.33|0.75|53.33
15|300|233.33|0.75|53.33
20|300|233.33|0.75|53.33
25|300|233.33|0.75|53.33
30|300|233.33|0.75|53.33
15|250|241.67|0.75|53.33
20|250|241.67|0.75|53.33
25|250|241.67|0.75|53.33
30|250|241.67|0.75|53.33
15|266.67|241.67|0.75|53.33
20|266.67|241.67|0.75|53.33
25|266.67|241.67|0.75|53.33
30|266.67|241.67|0.75|53.33
15|283.33|241.67|0.75|53.33
20|283.33|241.67|0.75|53.33
25|283.33|241.67|0.75|53.33
30|283.33|241.67|0.75|53.33
15|300|241.67|0.75|53.33
20|300|241.67|0.75|53.33
25|300|241.67|0.75|53.33
30|300|241.67|0.75|53.33
15|250|250|0.75|53.33
20|250|250|0.75|53.33
25|250|250|0.75|53.33
30|250|250|0.75|53.33
15|266.67|250|0.75|53.33
20|266.67|250|0.75|53.33
25|266.67|250|0.75|53.33
30|266.67|250|0.75|53.33
15|283.33|250|0.75|53.33
20|283.33|250|0.75|53.33
25|283.33|250|0.75|53.33
30|283.33|250|0.75|53.33
15|300|250|0.75|53.33
20|300|250|0.75|53.33
25|300|250|0.75|53.33
30|300|250|0.75|53.33
15|250|225|0.35|56.67
20|250|225|0.35|56.67
25|250|225|0.35|56.67
30|250|225|0.35|56.67
15|266.67|225|0.35|56.67
20|266.67|225|0.35|56.67
25|266.67|225|0.35|56.67
30|266.67|225|0.35|56.67
15|283.33|225|0.35|56.67
20|283.33|225|0.35|56.67
25|283.33|225|0.35|56.67
30|283.33|225|0.35|56.67
15|300|225|0.35|56.67
20|300|225|0.35|56.67
25|300|225|0.35|56.67
30|300|225|0.35|56.67
15|250|233.33|0.35|56.67
20|250|233.33|0.35|56.67
25|250|233.33|0.35|56.67
30|250|233.33|0.35|56.67
15|266.67|233.33|0.35|56.67
20|266.67|233.33|0.35|56.67
25|266.67|233.33|0.35|56.67
30|266.67|233.33|0.35|56.67
15|283.33|233.33|0.35|56.67
20|283.33|233.33|0.35|56.67
25|283.33|233.33|0.35|56.67
30|283.33|233.33|0.35|56.67
15|300|233.33|0.35|56.67
20|300|233.33|0.35|56.67
25|300|233.33|0.35|56.67
30|300|233.33|0.35|56.67
15|250|241.67|0.35|56.67
20|250|241.67|0.35|56.67
25|250|241.67|0.35|56.67
30|250|241.67|0.35|56.67
15|266.67|241.67|0.35|56.67
20|266.67|241.67|0.35|56.67
25|266.67|241.67|0.35|56.67
30|266.67|241.67|0.35|56.67
15|283.33|241.67|0.35|56.67
20|283.33|241.67|0.35|56.67
25|283.33|241.67|0.35|56.67
30|283.33|241.67|0.35|56.67
15|300|241.67|0.35|56.67
20|300|241.67|0.35|56.67
25|300|241.67|0.35|56.67
30|300|241.67|0.35|56.67
15|250|250|0.35|56.67
20|250|250|0.35|56.67
25|250|250|0.35|56.67
30|250|250|0.35|56.67
15|266.67|250|0.35|56.67
20|266.67|250|0.35|56.67
25|266.67|250|0.35|56.67
30|266.67|250|0.35|56.67
15|283.33|250|0.35|56.67
20|283.33|250|0.35|56.67
25|283.33|250|0.35|56.67
30|283.33|250|0.35|56.67
15|300|250|0.35|56.67
20|300|250|0.35|56.67
25|300|250|0.35|56.67
30|300|250|0.35|56.67
15|250|225|0.48|56.67
20|250|225|0.48|56.67
25|250|225|0.48|56.67
30|250|225|0.48|56.67
15|266.67|225|0.48|56.67
20|266.67|225|0.48|56.67
25|266.67|225|0.48|56.67
30|266.67|225|0.48|56.67
15|283.33|225|0.48|56.67
20|283.33|225|0.48|56.67
25|283.33|225|0.48|56.67
30|283.33|225|0.48|56.67
15|300|225|0.48|56.67
20|300|225|0.48|56.67
25|300|225|0.48|56.67
30|300|225|0.48|56.67
15|250|233.33|0.48|56.67
20|250|233.33|0.48|56.67
25|250|233.33|0.48|56.67
30|250|233.33|0.48|56.67
15|266.67|233.33|0.48|56.67
20|266.67|233.33|0.48|56.67
25|266.67|233.33|0.48|56.67
30|266.67|233.33|0.48|56.67
15|283.33|233.33|0.48|56.67
20|283.33|233.33|0.48|56.67
25|283.33|233.33|0.48|56.67
30|283.33|233.33|0.48|56.67
15|300|233.33|0.48|56.67
20|300|233.33|0.48|56.67
25|300|233.33|0.48|56.67
30|300|233.33|0.48|56.67
15|250|241.67|0.48|56.67
20|250|241.67|0.48|56.67
25|250|241.67|0.48|56.67
30|250|241.67|0.48|56.67
15|266.67|241.67|0.48|56.67
20|266.67|241.67|0.48|56.67
25|266.67|241.67|0.48|56.67
30|266.67|241.67|0.48|56.67
15|283.33|241.67|0.48|56.67
20|283.33|241.67|0.48|56.67
25|283.33|241.67|0.48|56.67
30|283.33|241.67|0.48|56.67
15|300|241.67|0.48|56.67
20|300|241.67|0.48|56.67
25|300|241.67|0.48|56.67
30|300|241.67|0.48|56.67
15|250|250|0.48|56.67
20|250|250|0.48|56.67
25|250|250|0.48|56.67
30|250|250|0.48|56.67
15|266.67|250|0.48|56.67
20|266.67|250|0.48|56.67
25|266.67|250|0.48|56.67
30|266.67|250|0.48|56.67
15|283.33|250|0.48|56.67
20|283.33|250|0.48|56.67
25|283.33|250|0.48|56.67
30|283.33|250|0.48|56.67
15|300|250|0.48|56.67
20|300|250|0.48|56.67
25|300|250|0.48|56.67
30|300|250|0.48|56.67
15|250|225|0.62|56.67
20|250|225|0.62|56.67
25|250|225|0.62|56.67
30|250|225|0.62|56.67
15|266.67|225|0.62|56.67
20|266.67|225|0.62|56.67
25|266.67|225|0.62|56.67
30|266.67|225|0.62|56.67
15|283.33|225|0.62|56.67
20|283.33|225|0.62|56.67
25|283.33|225|0.62|56.67
30|283.33|225|0.62|56.67
15|300|225|0.62|56.67
20|300|225|0.62|56.67
25|300|225|0.62|56.67
30|300|225|0.62|56.67
15|250|233.33|0.62|56.67
20|250|233.33|0.62|56.67
25|250|233.33|0.62|56.67
30|250|233.33|0.62|56.67
15|266.67|233.33|0.62|56.67
20|266.67|233.33|0.62|56.67
25|266.67|233.33|0.62|56.67
30|266.67|233.33|0.62|56.67
15|283.33|233.33|0.62|56.67
20|283.33|233.33|0.62|56.67
25|283.33|233.33|0.62|56.67
30|283.33|233.33|0.62|56.67
15|300|233.33|0.62|56.67
20|300|233.33|0.62|56.67
25|300|233.33|0.62|56.67
30|300|233.33|0.62|56.67
15|250|241.67|0.62|56.67
20|250|241.67|0.62|56.67
25|250|241.67|0.62|56.67
30|250|241.67|0.62|56.67
15|266.67|241.67|0.62|56.67
20|266.67|241.67|0.62|56.67
25|266.67|241.67|0.62|56.67
30|266.67|241.67|0.62|56.67
15|283.33|241.67|0.62|56.67
20|283.33|241.67|0.62|56.67
25|283.33|241.67|0.62|56.67
30|283.33|241.67|0.62|56.67
15|300|241.67|0.62|56.67
20|300|241.67|0.62|56.67
25|300|241.67|0.62|56.67
30|300|241.67|0.62|56.67
15|250|250|0.62|56.67
20|250|250|0.62|56.67
25|250|250|0.62|56.67
30|250|250|0.62|56.67
15|266.67|250|0.62|56.67
20|266.67|250|0.62|56.67
25|266.67|250|0.62|56.67
30|266.67|250|0.62|56.67
15|283.33|250|0.62|56.67
20|283.33|250|0.62|56.67
25|283.33|250|0.62|56.67
30|283.33|250|0.62|56.67
15|300|250|0.62|56.67
20|300|250|0.62|56.67
25|300|250|0.62|56.67
30|300|250|0.62|56.67
15|250|225|0.75|56.67
20|250|225|0.75|56.67
25|250|225|0.75|56.67
30|250|225|0.75|56.67
15|266.67|225|0.75|56.67
20|266.67|225|0.75|56.67
25|266.67|225|0.75|56.67
30|266.67|225|0.75|56.67
15|283.33|225|0.75|56.67
20|283.33|225|0.75|56.67
25|283.33|225|0.75|56.67
30|283.33|225|0.75|56.67
15|300|225|0.75|56.67
20|300|225|0.75|56.67
25|300|225|0.75|56.67
30|300|225|0.75|56.67
15|250|233.33|0.75|56.67
20|250|233.33|0.75|56.67
25|250|233.33|0.75|56.67
30|250|233.33|0.75|56.67
15|266.67|233.33|0.75|56.67
20|266.67|233.33|0.75|56.67
25|266.67|233.33|0.75|56.67
30|266.67|233.33|0.75|56.67
15|283.33|233.33|0.75|56.67
20|283.33|233.33|0.75|56.67
25|283.33|233.33|0.75|56.67
30|283.33|233.33|0.75|56.67
15|300|233.33|0.75|56.67
20|300|233.33|0.75|56.67
25|300|233.33|0.75|56.67
30|300|233.33|0.75|56.67
15|250|241.67|0.75|56.67
20|250|241.67|0.75|56.67
25|250|241.67|0.75|56.67
30|250|241.67|0.75|56.67
15|266.67|241.67|0.75|56.67
20|266.67|241.67|0.75|56.67
25|266.67|241.67|0.75|56.67
30|266.67|241.67|0.75|56.67
15|283.33|241.67|0.75|56.67
20|283.33|241.67|0.75|56.67
25|283.33|241.67|0.75|56.67
30|283.33|241.67|0.75|56.67
15|300|241.67|0.75|56.67
20|300|241.67|0.75|56.67
25|300|241.67|0.75|56.67
30|300|241.67|0.75|56.67
15|250|250|0.75|56.67
20|250|250|0.75|56.67
25|250|250|0.75|56.67
30|250|250|0.75|56.67
15|266.67|250|0.75|56.67
20|266.67|250|0.75|56.67
25|266.67|250|0.75|56.67
30|266.67|250|0.75|56.67
15|283.33|250|0.75|56.67
20|283.33|250|0.75|56.67
25|283.33|250|0.75|56.67
30|283.33|250|0.75|56.67
15|300|250|0.75|56.67
20|300|250|0.75|56.67
25|300|250|0.75|56.67
30|300|250|0.75|56.67
15|250|225|0.35|60
20|250|225|0.35|60
25|250|225|0.35|60
30|250|225|0.35|60
15|266.67|225|0.35|60
20|266.67|225|0.35|60
25|266.67|225|0.35|60
30|266.67|225|0.35|60
15|283.33|225|0.35|60
20|283.33|225|0.35|60
25|283.33|225|0.35|60
30|283.33|225|0.35|60
15|300|225|0.35|60
20|300|225|0.35|60
25|300|225|0.35|60
30|300|225|0.35|60
15|250|233.33|0.35|60
20|250|233.33|0.35|60
25|250|233.33|0.35|60
30|250|233.33|0.35|60
15|266.67|233.33|0.35|60
20|266.67|233.33|0.35|60
25|266.67|233.33|0.35|60
30|266.67|233.33|0.35|60
15|283.33|233.33|0.35|60
20|283.33|233.33|0.35|60
25|283.33|233.33|0.35|60
30|283.33|233.33|0.35|60
15|300|233.33|0.35|60
20|300|233.33|0.35|60
25|300|233.33|0.35|60
30|300|233.33|0.35|60
15|250|241.67|0.35|60
20|250|241.67|0.35|60
25|250|241.67|0.35|60
30|250|241.67|0.35|60
15|266.67|241.67|0.35|60
20|266.67|241.67|0.35|60
25|266.67|241.67|0.35|60
30|266.67|241.67|0.35|60
15|283.33|241.67|0.35|60
20|283.33|241.67|0.35|60
25|283.33|241.67|0.35|60
30|283.33|241.67|0.35|60
15|300|241.67|0.35|60
20|300|241.67|0.35|60
25|300|241.67|0.35|60
30|300|241.67|0.35|60
15|250|250|0.35|60
20|250|250|0.35|60
25|250|250|0.35|60
30|250|250|0.35|60
15|266.67|250|0.35|60
20|266.67|250|0.35|60
25|266.67|250|0.35|60
30|266.67|250|0.35|60
15|283.33|250|0.35|60
20|283.33|250|0.35|60
25|283.33|250|0.35|60
30|283.33|250|0.35|60
15|300|250|0.35|60
20|300|250|0.35|60
25|300|250|0.35|60
30|300|250|0.35|60
15|250|225|0.48|60
20|250|225|0.48|60
25|250|225|0.48|60
30|250|225|0.48|60
15|266.67|225|0.48|60
20|266.67|225|0.48|60
25|266.67|225|0.48|60
30|266.67|225|0.48|60
15|283.33|225|0.48|60
20|283.33|225|0.48|60
25|283.33|225|0.48|60
30|283.33|225|0.48|60
15|300|225|0.48|60
20|300|225|0.48|60
25|300|225|0.48|60
30|300|225|0.48|60
15|250|233.33|0.48|60
20|250|233.33|0.48|60
25|250|233.33|0.48|60
30|250|233.33|0.48|60
15|266.67|233.33|0.48|60
20|266.67|233.33|0.48|60
25|266.67|233.33|0.48|60
30|266.67|233.33|0.48|60
15|283.33|233.33|0.48|60
20|283.33|233.33|0.48|60
25|283.33|233.33|0.48|60
30|283.33|233.33|0.48|60
15|300|233.33|0.48|60
20|300|233.33|0.48|60
25|300|233.33|0.48|60
30|300|233.33|0.48|60
15|250|241.67|0.48|60
20|250|241.67|0.48|60
25|250|241.67|0.48|60
30|250|241.67|0.48|60
15|266.67|241.67|0.48|60
20|266.67|241.67|0.48|60
25|266.67|241.67|0.48|60
30|266.67|241.67|0.48|60
15|283.33|241.67|0.48|60
20|283.33|241.67|0.48|60
25|283.33|241.67|0.48|60
30|283.33|241.67|0.48|60
15|300|241.67|0.48|60
20|300|241.67|0.48|60
25|300|241.67|0.48|60
30|300|241.67|0.48|60
15|250|250|0.48|60
20|250|250|0.48|60
25|250|250|0.48|60
30|250|250|0.48|60
15|266.67|250|0.48|60
20|266.67|250|0.48|60
25|266.67|250|0.48|60
30|266.67|250|0.48|60
15|283.33|250|0.48|60
20|283.33|250|0.48|60
25|283.33|250|0.48|60
30|283.33|250|0.48|60
15|300|250|0.48|60
20|300|250|0.48|60
25|300|250|0.48|60
30|300|250|0.48|60
15|250|225|0.62|60
20|250|225|0.62|60
25|250|225|0.62|60
30|250|225|0.62|60
15|266.67|225|0.62|60
20|266.67|225|0.62|60
25|266.67|225|0.62|60
30|266.67|225|0.62|60
15|283.33|225|0.62|60
20|283.33|225|0.62|60
25|283.33|225|0.62|60
30|283.33|225|0.62|60
15|300|225|0.62|60
20|300|225|0.62|60
25|300|225|0.62|60
30|300|225|0.62|60
15|250|233.33|0.62|60
20|250|233.33|0.62|60
25|250|233.33|0.62|60
30|250|233.33|0.62|60
15|266.67|233.33|0.62|60
20|266.67|233.33|0.62|60
25|266.67|233.33|0.62|60
30|266.67|233.33|0.62|60
15|283.33|233.33|0.62|60
20|283.33|233.33|0.62|60
25|283.33|233.33|0.62|60
30|283.33|233.33|0.62|60
15|300|233.33|0.62|60
20|300|233.33|0.62|60
25|300|233.33|0.62|60
30|300|233.33|0.62|60
15|250|241.67|0.62|60
20|250|241.67|0.62|60
25|250|241.67|0.62|60
30|250|241.67|0.62|60
15|266.67|241.67|0.62|60
20|266.67|241.67|0.62|60
25|266.67|241.67|0.62|60
30|266.67|241.67|0.62|60
15|283.33|241.67|0.62|60
20|283.33|241.67|0.62|60
25|283.33|241.67|0.62|60
30|283.33|241.67|0.62|60
15|300|241.67|0.62|60
20|300|241.67|0.62|60
25|300|241.67|0.62|60
30|300|241.67|0.62|60
15|250|250|0.62|60
20|250|250|0.62|60
25|250|250|0.62|60
30|250|250|0.62|60
15|266.67|250|0.62|60
20|266.67|250|0.62|60
25|266.67|250|0.62|60
30|266.67|250|0.62|60
15|283.33|250|0.62|60
20|283.33|250|0.62|60
25|283.33|250|0.62|60
30|283.33|250|0.62|60
15|300|250|0.62|60
20|300|250|0.62|60
25|300|250|0.62|60
30|300|250|0.62|60
15|250|225|0.75|60
20|250|225|0.75|60
25|250|225|0.75|60
30|250|225|0.75|60
15|266.67|225|0.75|60
20|266.67|225|0.75|60
25|266.67|225|0.75|60
30|266.67|225|0.75|60
15|283.33|225|0.75|60
20|283.33|225|0.75|60
25|283.33|225|0.75|60
30|283.33|225|0.75|60
15|300|225|0.75|60
20|300|225|0.75|60
25|300|225|0.75|60
30|300|225|0.75|60
15|250|233.33|0.75|60
20|250|233.33|0.75|60
25|250|233.33|0.75|60
30|250|233.33|0.75|60
15|266.67|233.33|0.75|60
20|266.67|233.33|0.75|60
25|266.67|233.33|0.75|60
30|266.67|233.33|0.75|60
15|283.33|233.33|0.75|60
20|283.33|233.33|0.75|60
25|283.33|233.33|0.75|60
30|283.33|233.33|0.75|60
15|300|233.33|0.75|60
20|300|233.33|0.75|60
25|300|233.33|0.75|60
30|300|233.33|0.75|60
15|250|241.67|0.75|60
20|250|241.67|0.75|60
25|250|241.67|0.75|60
30|250|241.67|0.75|60
15|266.67|241.67|0.75|60
20|266.67|241.67|0.75|60
25|266.67|241.67|0.75|60
30|266.67|241.67|0.75|60
15|283.33|241.67|0.75|60
20|283.33|241.67|0.75|60
25|283.33|241.67|0.75|60
30|283.33|241.67|0.75|60
15|300|241.67|0.75|60
20|300|241.67|0.75|60
25|300|241.67|0.75|60
30|300|241.67|0.75|60
15|250|250|0.75|60
20|250|250|0.75|60
25|250|250|0.75|60
30|250|250|0.75|60
15|266.67|250|0.75|60
20|266.67|250|0.75|60
25|266.67|250|0.75|60
30|266.67|250|0.75|60
15|283.33|250|0.75|60
20|283.33|250|0.75|60
25|283.33|250|0.75|60
30|283.33|250|0.75|60
15|300|250|0.75|60
20|300|250|0.75|60
25|300|250|0.75|60
30|300|250|0.75|60
22.5|275|237.5|0.55|55
